0.0001 0.0034958286183708223
0.000101 0.008691076774063574
0.000102 0.01999825677659997
0.000103 0.035985609046634025
0.000104 0.05500711040454529
0.00010499999999999999 0.07532224339664827
0.00010599999999999999 0.09521632007648412
0.00010699999999999999 0.11311352467673629
0.00010799999999999998 0.12767561106366024
0.00010899999999999998 0.13788038398927221
0.00010999999999999998 0.14307561876702637
0.00011099999999999997 0.1430058250095464
0.00011199999999999997 0.1378111186414258
0.00011299999999999997 0.1279993115432501
0.00011399999999999997 0.11439404333293025
0.00011499999999999996 0.09806325991787924
0.00011599999999999996 0.08023350125930394
0.00011699999999999996 0.06219623165551005
0.00011799999999999995 0.045212791243039965
0.00011899999999999995 0.030424456611225892
0.00011999999999999995 0.018773588475421016
0.00012099999999999995 0.01094095831951612
0.00012199999999999994 0.007303149556524629
0.00012299999999999995 0.007912505873680172
0.00012399999999999992 0.012500546228089052
0.00012499999999999995 0.020504184746649876
0.00012599999999999992 0.03111258643989683
0.00012699999999999994 0.043331151257537066
0.0001279999999999999 0.05605803209741188
0.00012899999999999994 0.06816782194116176
0.0001299999999999999 0.07859663513112934
0.00013099999999999993 0.08642277818868149
0.0001319999999999999 0.09093755240709123
0.00013299999999999993 0.09170142597557321
0.0001339999999999999 0.08858180834213164
0.00013499999999999992 0.0817698865793889
0.0001359999999999999 0.07177536180014227
0.00013699999999999991 0.05939936400357985
0.00013799999999999988 0.045687234333202785
0.0001389999999999999 0.03186415594552892
0.00013999999999999988 0.01925770847393245
0.0001409999999999999 0.009212249810001748
0.00014199999999999987 0.0030005433702701
0.0001429999999999999 0.0017382200916121685
0.00014399999999999987 0.006306484708095192
0.0001449999999999999 0.01728795984559262
0.00014599999999999986 0.03491974421365469
0.0001469999999999999 0.059066695965848195
0.00014799999999999986 0.08921670710814888
0.00014899999999999988 0.12449838793402161
0.00014999999999999985 0.1637202154917787
0.00015099999999999988 0.20542890084602616
0.00015199999999999985 0.24798357520877357
0.00015299999999999987 0.28964145398469976
0.00015399999999999984 0.32864996566669213
0.00015499999999999986 0.36333996757602277
0.00015599999999999983 0.3922146317721607
0.00015699999999999986 0.41402887111400694
0.00015799999999999983 0.4278547667549914
0.00015899999999999985 0.43312931539785116
0.00015999999999999982 0.42968188290146836
0.00016099999999999985 0.4177399637007182
0.00016199999999999982 0.39791312844815047
0.00016299999999999984 0.37115631751190203
0.0001639999999999998 0.3387148291422495
0.00016499999999999984 0.30205438799927875
0.0001659999999999998 0.26278050230615907
0.00016699999999999983 0.2225518798702146
0.0001679999999999998 0.18299294463964413
0.00016899999999999983 0.14561046428290547
0.0001699999999999998 0.11171897181139342
0.00017099999999999982 0.08237906455892867
0.0001719999999999998 0.05835183194287969
0.00017299999999999981 0.04007165277699518
0.00017399999999999978 0.027638476835536278
0.0001749999999999998 0.020829533191570493
0.00017599999999999978 0.019129260565857002
0.0001769999999999998 0.021775200897368088
0.00017799999999999977 0.02781669824157612
0.0001789999999999998 0.03618255224719912
0.00017999999999999977 0.045753326917596905
0.0001809999999999998 0.055433833833510714
0.00018199999999999976 0.0642214007179871
0.00018299999999999979 0.07126589078273585
0.00018399999999999976 0.07591802962355725
0.00018499999999999978 0.0777633845722119
0.00018599999999999975 0.07664027517122615
0.00018699999999999977 0.07264091367166961
0.00018799999999999975 0.06609611777356712
0.00018899999999999977 0.05754494051096756
0.00018999999999999974 0.047691464036894136
0.00019099999999999976 0.03735175201797176
0.00019199999999999973 0.027394506559759
0.00019299999999999976 0.01867929986423429
0.00019399999999999973 0.011996332267035939
0.00019499999999999975 0.008011506027971411
0.00019599999999999972 0.007220212197185873
0.00019699999999999975 0.009912633737285551
0.00019799999999999972 0.016152611375566953
0.00019899999999999974 0.025771248166743102
0.0001999999999999997 0.0383754993802819
0.00020099999999999974 0.053371063707108965
0.0002019999999999997 0.06999801668807347
0.00020299999999999973 0.08737686020617694
0.0002039999999999997 0.10456204796397554
0.00020499999999999972 0.12059962117576777
0.0002059999999999997 0.1345853743387285
0.00020699999999999972 0.14571997780309348
0.0002079999999999997 0.1533577082399785
0.0002089999999999997 0.15704586315610888
0.00020999999999999968 0.1565525325581881
0.0002109999999999997 0.15188113097547398
0.00021199999999999968 0.14327091008757287
0.0002129999999999997 0.13118352541205805
0.00021399999999999967 0.11627656772927797
0.0002149999999999997 0.099365740801578
0.00021599999999999967 0.08137802594403185
0.0002169999999999997 0.06329868308936586
0.00021799999999999966 0.0461152688119903
0.00021899999999999969 0.030761987227623824
0.00021999999999999966 0.018067624749357098
0.00022099999999999968 0.008710061530860859
0.00022199999999999965 0.003179919782839751
0.00022299999999999967 0.0017553309427937043
0.00022399999999999964 0.004489117126501501
0.00022499999999999967 0.011208930489391774
0.00022599999999999964 0.021530123339564163
0.00022699999999999966 0.0348803786383458
0.00022799999999999963 0.05053445894161972
0.00022899999999999966 0.06765687077043417
0.00022999999999999963 0.08534982233578058
0.00023099999999999965 0.10270359778126942
0.00023199999999999962 0.11884639258878778
0.00023299999999999965 0.1329907535698914
0.00023399999999999962 0.14447403325429084
0.00023499999999999964 0.15279068286279854
0.0002359999999999996 0.15761474224450575
0.00023699999999999964 0.15881150433590904
0.0002379999999999996 0.15643799662920654
0.00023899999999999963 0.15073259166414815
0.0002399999999999996 0.14209469215979886
0.00024099999999999962 0.1310559966500418
0.0002419999999999996 0.11824530626706184
0.00024299999999999962 0.10434915768697027
0.0002439999999999996 0.09007074481136039
0.0002449999999999996 0.07608961547233876
0.0002459999999999996 0.06302450187289987
0.0002469999999999996 0.0514013763885277
0.0002479999999999996 0.04162843783158008
0.0002489999999999996 0.033979254257381485
0.00024999999999999957 0.028584748859396183
0.0002509999999999996 0.025434150403571405
0.00025199999999999957 0.02438447465214804
0.0002529999999999996 0.025177592474903365
0.00025399999999999956 0.02746350438607493
0.0002549999999999996 0.030828105194475593
0.00025599999999999955 0.034823504553417754
0.0002569999999999996 0.038998879824517836
0.00025799999999999955 0.04292987886729001
0.0002589999999999996 0.04624475589909592
0.00025999999999999954 0.048645699501724475
0.00026099999999999957 0.04992417759632738
0.00026199999999999954 0.049969553980870066
0.00026299999999999956 0.048770695583312394
0.00026399999999999953 0.046410758166538814
0.00026499999999999956 0.04305578053203766
0.0002659999999999995 0.03893810540135466
0.00026699999999999955 0.03433595532142306
0.0002679999999999995 0.02955070591454673
0.00026899999999999955 0.024883504963584532
0.0002699999999999995 0.02061287980513261
0.00027099999999999954 0.016974860287019625
0.0002719999999999995 0.014146930159181934
0.00027299999999999953 0.012236822498116431
0.0002739999999999995 0.011276815999130415
0.00027499999999999953 0.011223793713218527
0.0002759999999999995 0.011964921000959475
0.0002769999999999995 0.013328412226388602
0.0002779999999999995 0.01509851151578328
0.0002789999999999995 0.01703353401701945
0.0002799999999999995 0.018885618132360397
0.0002809999999999995 0.02042073805830848
0.0002819999999999995 0.02143752513026754
0.0002829999999999995 0.021783544727283888
0.0002839999999999995 0.021367865106989115
0.0002849999999999995 0.020169021834847964
0.00028599999999999947 0.018237807785995465
0.0002869999999999995 0.015694681665615377
0.00028799999999999947 0.01272196303927882
0.0002889999999999995 0.009551343829282114
0.00028999999999999946 0.006447571022405949
0.0002909999999999995 0.003689421480892118
0.00029199999999999945 0.0015492797885796362
0.0002929999999999995 0.0002727316460303524
0.00029399999999999945 5.9591978295674165e-05
0.00029499999999999947 0.0010476984219749724
0.00029599999999999944 0.00330062323275718
0.00029699999999999947 0.006800201724084103
0.00029799999999999944 0.011444459941195879
0.00029899999999999946 0.017051169111573304
0.00029999999999999943 0.023366882742027875
0.00030099999999999946 0.03008094832078813
0.0003019999999999994 0.03684365314334621
0.00030299999999999945 0.04328738444908777
0.0003039999999999994 0.049049476005491
0.00030499999999999944 0.05379529006546271
0.0003059999999999994 0.05724005333882698
0.00030699999999999944 0.059168030379491345
0.0003079999999999994 0.059447773627818494
0.00030899999999999943 0.058042426482021785
0.0003099999999999994 0.0550143592486412
0.00031099999999999943 0.050523768479803215
0.0003119999999999994 0.044821245906484695
0.0003129999999999994 0.03823470022046259
0.0003139999999999994 0.031151369582007343
0.0003149999999999994 0.023995972617482045
0.0003159999999999994 0.01720629134974235
0.0003169999999999994 0.01120764556807826
0.0003179999999999994 0.006387794207564864
0.0003189999999999994 0.0030737806395496454
0.0003199999999999994 0.0015121265767301798
0.0003209999999999994 0.001853580602199645
0.00032199999999999937 0.004143354545804526
0.0003229999999999994 0.008317451027964861
0.00032399999999999936 0.014205318936128841
0.0003249999999999994 0.021538693055032195
0.00032599999999999936 0.029966102975895022
0.0003269999999999994 0.039072197509765316
0.00032799999999999935 0.04840074477438954
0.0003289999999999994 0.05747995218925754
0.00032999999999999935 0.06584861765305464
0.00033099999999999937 0.07308158085213427
0.00033199999999999934 0.07881299398472719
0.00033299999999999937 0.08275607049116414
0.00033399999999999934 0.08471818951434627
0.00033499999999999936 0.08461051879554222
0.00033599999999999933 0.08245165162070575
0.00033699999999999936 0.07836511356057917
0.0003379999999999993 0.07257095989516546
0.00033899999999999935 0.06537203248155135
0.0003399999999999993 0.0571357543973489
0.00034099999999999934 0.04827259352517223
0.0003419999999999993 0.03921250757971063
0.00034299999999999934 0.03038078272568221
0.0003439999999999993 0.02217469084807513
0.00034499999999999933 0.014942317076008627
0.0003459999999999993 0.00896475501092391
0.0003469999999999993 0.0044426428590230525
0.0003479999999999993 0.0014877340998156012
0.0003489999999999993 0.00011987944248668441
0.0003499999999999993 0.0002694626971767387
0.00035099999999999926 0.0017850026729076436
0.0003519999999999993 0.004445326637339297
0.0003529999999999993 0.007975456778819962
0.0003539999999999993 0.012065145119577477
0.00035499999999999925 0.016388856201686904
0.0003559999999999993 0.020625937821699927
0.0003569999999999993 0.02447974040821452
0.00035799999999999927 0.027694542592872063
0.00035899999999999924 0.030069306625969607
0.00035999999999999926 0.0314675108124815
0.0003609999999999993 0.03182257194487774
0.00036199999999999926 0.03113866121701572
0.00036299999999999923 0.029487013476108787
0.00036399999999999925 0.026998113004196748
0.0003649999999999993 0.02385039155424648
0.00036599999999999925 0.020256280590793693
0.0003669999999999992 0.016446607302674048
0.00036799999999999924 0.012654404616513175
0.00036899999999999927 0.009099215221183848
0.00036999999999999924 0.00597290920708993
0.0003709999999999992 0.003427909526994036
0.00037199999999999923 0.0015685384028762612
0.00037299999999999925 0.0004459737946823632
0.0003739999999999992 5.705345385234759e-05
0.0003749999999999992 0.00034690180720705423
0.0003759999999999992 0.0012150992993965116
0.00037699999999999924 0.0025248815239273933
0.0003779999999999992 0.0041146613959233734
0.0003789999999999992 0.005811023962941632
0.0003799999999999992 0.0074422589479402725
0.00038099999999999923 0.008851475513435415
0.0003819999999999992 0.009908387515484531
0.00038299999999999917 0.010518961928920892
0.0003839999999999992 0.010632280472610027
0.0003849999999999992 0.010244163645509915
0.0003859999999999992 0.009397333662216364
0.00038699999999999916 0.008178132700283067
0.0003879999999999992 0.006710049310102039
0.0003889999999999992 0.005144523046325896
0.0003899999999999992 0.003649681030089587
0.00039099999999999915 0.0023977982642962837
0.0003919999999999992 0.0015523572383472064
0.0003929999999999992 0.0012556064892580267
0.00039399999999999917 0.0016174811393201323
0.00039499999999999914 0.0027066538531543786
0.00039599999999999916 0.00454433882065449
0.0003969999999999992 0.007101284307234186
0.00039799999999999916 0.010298173724330928
0.00039899999999999913 0.014009425586047284
0.00039999999999999915 0.018070154505829952
0.0004009999999999992 0.022285843751742026
0.00040199999999999915 0.026444098845082736
0.0004029999999999991 0.030327713181142916
0.00040399999999999914 0.03372818972111874
0.00040499999999999916 0.03645883303497477
0.00040599999999999914 0.03836655513161032
0.0004069999999999991 0.03934162443965257
0.00040799999999999913 0.03932472408129588
0.00040899999999999915 0.03831086393745517
0.0004099999999999991 0.0363498989291108
0.0004109999999999991 0.03354362950570776
0.0004119999999999991 0.030039684610534727
0.00041299999999999914 0.02602259745803896
0.0004139999999999991 0.021702666373159228
0.0004149999999999991 0.01730333468785446
0.0004159999999999991 0.013047915956623976
0.00041699999999999913 0.0091465275592554
0.0004179999999999991 0.005784074843875721
0.00041899999999999907 0.003110050931597094
0.0004199999999999991 0.001230789516114542
0.0004209999999999991 0.00020463820284923143
0.0004219999999999991 4.031970611877586e-05
0.00042299999999999906 0.0006985311569892706
0.0004239999999999991 0.0020966125904179787
0.0004249999999999991 0.0041159092369807216
0.0004259999999999991 0.006611272540986157
0.00042699999999999905 0.009422004060334674
0.0004279999999999991 0.012383454145362663
0.0004289999999999991 0.015338449838399448
0.00042999999999999907 0.018147746365894456
0.00043099999999999904 0.020698772594894096
0.00043199999999999906 0.022912067753014485
0.0004329999999999991 0.024744975925937832
0.00043399999999999906 0.026192364776238004
0.000434999999999999 0.02728435183143207
0.00043599999999999905 0.028081240573899633
0.0004369999999999991 0.028666074189325697
0.00043799999999999905 0.029135392734088952
0.000438999999999999 0.029588916973599912
0.00043999999999999904 0.030118969174659
0.00044099999999999906 0.0308004710079475
0.00044199999999999903 0.03168232857524167
0.000442999999999999 0.03278092564268539
0.00044399999999999903 0.03407630370708322
0.00044499999999999905 0.03551142056298216
0.000445999999999999 0.036994659780447955
0.000446999999999999 0.038405526567512546
0.000447999999999999 0.039603226965906194
0.00044899999999999904 0.04043760371336717
0.000449999999999999 0.040761709211368145
0.000450999999999999 0.04044514791553903
0.000451999999999999 0.03938722844056062
0.00045299999999999903 0.037528937531200256
0.000453999999999999 0.034862787467242216
0.00045499999999999897 0.03143969467118003
0.000455999999999999 0.027372215023893788
0.000456999999999999 0.022833681192854217
0.000457999999999999 0.01805304598205548
0.00045899999999999896 0.013305517267168734
0.000459999999999999 0.008899356519788444
0.000460999999999999 0.005159485512075106
0.000461999999999999 0.0024087862165209657
0.00046299999999999895 0.0009481704898483169
0.00046399999999999897 0.0010366249114200827
0.000464999999999999 0.0028724918922231513
0.00046599999999999897 0.006577225078568751
0.00046699999999999894 0.012182754253109256
0.00046799999999999896 0.019623416566277224
0.000468999999999999 0.028733166112285484
0.00046999999999999896 0.03924847613772427
0.0004709999999999989 0.05081701475968938
0.00047199999999999895 0.06301182586469589
0.000472999999999999 0.07535040321909448
0.00047399999999999894 0.08731772926157423
0.0004749999999999989 0.09839208089200299
0.00047599999999999894 0.10807220065304017
0.00047699999999999896 0.11590430720377035
0.00047799999999999893 0.12150738348172452
0.0004789999999999989 0.12459523872188927
0.00047999999999999893 0.12499399017021072
0.00048099999999999895 0.122653844836925
0.0004819999999999989 0.11765436857696819
0.0004829999999999989 0.11020279207864742
0.0004839999999999989 0.1006253001982241
0.00048499999999999894 0.08935165921526808
0.0004859999999999989 0.07689393161499496
0.0004869999999999989 0.06382038591514992
0.0004879999999999989 0.050726007680971914
0.000488999999999999 0.03820123828005158
0.0004899999999999989 0.026800695626226036
0.0004909999999999989 0.017013657043876237
0.000491999999999999 0.009238005369418724
0.000492999999999999 0.0037591587085785277
0.0004939999999999989 0.0007352312859989073
0.0004949999999999989 0.00018932265491998222
0.0004959999999999989 0.0020094251312757433
0.000496999999999999 0.005955998335698453
0.0004979999999999989 0.011676811141101133
0.0004989999999999989 0.01872822187303608
0.0004999999999999989 0.02660168319092422
0.000500999999999999 0.03475394216321034
0.0005019999999999989 0.04263917823870712
0.0005029999999999989 0.049741196608730734
0.0005039999999999989 0.05560378031559423
0.0005049999999999989 0.05985740325048345
0.0005059999999999989 0.06224071296894949
0.0005069999999999989 0.06261549555218858
0.0005079999999999989 0.06097421715186327
0.0005089999999999989 0.057439676046741876
0.0005099999999999988 0.052256769065048315
0.0005109999999999989 0.04577684906230432
0.0005119999999999989 0.038435597364941065
0.0005129999999999989 0.030725729585467022
0.0005139999999999988 0.023166170844220603
0.0005149999999999989 0.01626955750800446
0.0005159999999999989 0.010510033070997432
0.0005169999999999989 0.006293298326007883
0.0005179999999999988 0.003930750147168437
0.0005189999999999988 0.0036193058215039037
0.0005199999999999989 0.0054281745118767
0.0005209999999999989 0.00929342371247452
0.0005219999999999988 0.01502072095084133
0.0005229999999999988 0.0222961374055474
0.0005239999999999989 0.030704410215122577
0.0005249999999999989 0.03975360369698157
0.0005259999999999988 0.04890471429954812
0.0005269999999999988 0.057604454183401134
0.0005279999999999988 0.06531924316044696
0.0005289999999999989 0.07156835139067173
0.0005299999999999988 0.07595417177240954
0.0005309999999999988 0.07818775993493127
0.0005319999999999988 0.07810805230388577
0.0005329999999999989 0.07569354308575223
0.0005339999999999988 0.0710656474182182
0.0005349999999999988 0.06448347384160034
0.0005359999999999988 0.056330244994314854
0.0005369999999999988 0.04709210998513589
0.0005379999999999988 0.037330554711746386
0.0005389999999999988 0.027650009300529552
0.0005399999999999988 0.018662550735669192
0.0005409999999999988 0.010951785085399231
0.0005419999999999988 0.005038055692231696
0.0005429999999999988 0.0013470569097614531
0.0005439999999999988 0.00018374084658704631
0.0005449999999999988 0.0017130981230250434
0.0005459999999999987 0.005948990833201724
0.0005469999999999988 0.012751740620539588
0.0005479999999999988 0.021834655396200005
0.0005489999999999988 0.03277914592442977
0.0005499999999999987 0.04505757034246593
0.0005509999999999988 0.0580624817185342
0.0005519999999999988 0.07114056909862787
0.0005529999999999988 0.0836292996263488
0.0005539999999999987 0.09489410562496436
0.0005549999999999987 0.10436392622080287
0.0005559999999999988 0.11156301055479453
0.0005569999999999988 0.11613711327068582
0.0005579999999999987 0.1178725494947656
0.0005589999999999987 0.11670700573914726
0.0005599999999999988 0.11273149917627395
0.0005609999999999988 0.10618341051403357
0.0005619999999999987 0.09743105289490459
0.0005629999999999987 0.08695074814161954
0.0005639999999999987 0.07529783121318483
0.0005649999999999988 0.06307336640657575
0.0005659999999999987 0.05088861237653204
0.0005669999999999987 0.03932940181444191
0.0005679999999999987 0.02892259760660753
0.0005689999999999988 0.020106650594735032
0.0005699999999999987 0.013208022957108038
0.0005709999999999987 0.00842487166696484
0.0005719999999999987 0.005818931143338438
0.0005729999999999987 0.005316021126301348
0.0005739999999999987 0.006715066673971636
0.0005749999999999987 0.009704985397501337
0.0005759999999999987 0.01388830568663756
0.0005769999999999987 0.018809959410704055
0.0005779999999999987 0.023989369791794484
0.0005789999999999987 0.028953750273129405
0.0005799999999999987 0.03327045643384561
0.0005809999999999987 0.03657629541603092
0.0005819999999999986 0.03860189254854202
0.0005829999999999987 0.03918953118617426
0.0005839999999999987 0.038303299909976815
0.0005849999999999987 0.03603087535053504
0.0005859999999999986 0.03257680827433669
0.0005869999999999987 0.02824773144175549
0.0005879999999999987 0.023430435365446072
0.0005889999999999987 0.018564228921293186
0.0005899999999999987 0.014109385531114309
0.0005909999999999986 0.0105137472903208
0.0005919999999999987 0.008179700708625096
0.0005929999999999987 0.00743373843218045
0.0005939999999999986 0.008500679911227908
0.0005949999999999986 0.011484347864737392
0.0005959999999999987 0.016356102505857218
0.0005969999999999987 0.02295214539750979
0.0005979999999999987 0.030979949325001057
0.0005989999999999986 0.040033583985197616
0.0005999999999999986 0.04961712626481537
0.0006009999999999987 0.05917480520753096
0.0006019999999999986 0.06812607008659347
0.0006029999999999986 0.07590341560268449
0.0006039999999999986 0.08199057513450282
0.0006049999999999987 0.08595861734741571
0.0006059999999999987 0.08749756051599833
0.0006069999999999986 0.08644135030783505
0.0006079999999999986 0.08278441865183027
0.0006089999999999986 0.07668853288897336
0.0006099999999999986 0.06847922711667656
0.0006109999999999986 0.05863174680262691
0.0006119999999999986 0.0477470945953137
0.0006129999999999986 0.036519399279942646
0.0006139999999999987 0.025696401222469484
0.0006149999999999986 0.016035319791797283
0.0006159999999999986 0.008256710013219998
0.0006169999999999986 0.0029991034304049135
0.0006179999999999985 0.0007772472413382283
0.0006189999999999986 0.0019466017312464445
0.0006199999999999986 0.006676434905062042
0.0006209999999999986 0.014933381431965992
0.0006219999999999986 0.026476736493480556
0.0006229999999999986 0.040866067924497644
0.0006239999999999986 0.05748099238006923
0.0006249999999999986 0.07555221721098998
0.0006259999999999985 0.09420224457143576
0.0006269999999999985 0.11249351178652724
0.0006279999999999986 0.12948124175792647
0.0006289999999999986 0.14426793209282276
0.0006299999999999986 0.15605624583184277
0.0006309999999999985 0.16419709384429354
0.0006319999999999986 0.16822992144589247
0.0006329999999999986 0.16791262008690377
0.0006339999999999985 0.16323905814233494
0.0006349999999999985 0.15444293161307227
0.0006359999999999985 0.14198743592584334
0.0006369999999999986 0.12654110755305847
0.0006379999999999986 0.10894102862547886
0.0006389999999999985 0.09014537799939235
0.0006399999999999985 0.07117799948543665
0.0006409999999999986 0.053068198442119296
0.0006419999999999985 0.036789335870680034
0.0006429999999999985 0.02319993890141349
0.0006439999999999985 0.012990974449481468
0.0006449999999999985 0.006642638150682252
0.0006459999999999986 0.004393506082453643
0.0006469999999999985 0.006224207687097458
0.0006479999999999985 0.011856941795820246
0.0006489999999999985 0.020771220405422917
0.0006499999999999985 0.03223524067799175
0.0006509999999999985 0.04535131237663516
0.0006519999999999985 0.059112864214188376
0.0006529999999999985 0.07246977427356098
0.0006539999999999985 0.08439816660249784
0.0006549999999999985 0.09397042901768027
0.0006559999999999985 0.10042106508043441
0.0006569999999999985 0.10320411144658238
0.0006579999999999984 0.10203823075700134
0.0006589999999999985 0.09693621504854796
0.0006599999999999985 0.088216475665213
0.0006609999999999985 0.07649510974961612
0.0006619999999999985 0.06265826624872756
0.0006629999999999984 0.047815723227880545
0.0006639999999999985 0.033237765408848985
0.0006649999999999985 0.02027854725053942
0.0006659999999999984 0.010290076273058713
0.0006669999999999984 0.004531693912315453
0.0006679999999999985 0.004080417294273828
0.0006689999999999985 0.00974769840154316
0.0006699999999999985 0.022008036183198913
0.0006709999999999984 0.04094443836149794
0.0006719999999999984 0.06621498690852222
0.0006729999999999985 0.09704374572198415
0.0006739999999999984 0.1322380083605155
0.0006749999999999984 0.17023247912733405
0.0006759999999999984 0.20915948447798605
0.0006769999999999985 0.24694280296475582
0.0006779999999999985 0.2814112629657507
0.0006789999999999984 0.31042696906812844
0.0006799999999999984 0.33202195508138904
0.0006809999999999984 0.344536289068198
0.0006819999999999984 0.346750224513647
0.0006829999999999984 0.3380029359738831
0.0006839999999999984 0.318290712369621
0.0006849999999999984 0.28833820137574145
0.0006859999999999985 0.2496373785501177
0.0006869999999999984 0.2044503099103532
0.0006879999999999984 0.15577342407895584
0.0006889999999999984 0.10726283279413128
0.0006899999999999983 0.06312214864023058
0.0006909999999999984 0.027956151976933952
0.0006919999999999984 0.006595459269740241
0.0006929999999999984 0.0038989496414877827
0.0006939999999999984 0.024542030848897698
0.0006949999999999984 0.0727997979409761
0.0006959999999999984 0.15233470186202208
0.0006969999999999984 0.2659984649349251
0.0006979999999999983 0.41565764072438455
0.0006989999999999983 0.6020514249614959
0.0006999999999999984 0.8246891120941541
0.0007009999999999984 1.0817930097639321
0.0007019999999999984 1.370290740947558
0.0007029999999999983 1.6858587658611266
0.0007039999999999984 2.023016739471294
0.0007049999999999984 2.37527008859178
0.0007059999999999983 2.735296049557011
0.0007069999999999983 3.0951664541919963
0.0007079999999999983 3.4465988804674206
0.0007089999999999984 3.7812264739249137
0.0007099999999999984 4.090875858740737
0.0007109999999999983 4.3678421352000125
0.0007119999999999983 4.605150023351211
0.0007129999999999984 4.79679075771191
0.0007139999999999983 4.937925339377073
0.0007149999999999983 5.025046162626105
0.0007159999999999983 5.056090787046751
0.0007169999999999983 5.030503641540916
0.0007179999999999984 4.949243630007526
0.0007189999999999983 4.814737859678755
0.0007199999999999983 4.630783929589774
0.0007209999999999983 4.402405298912066
0.0007219999999999983 4.135666110890115
0.0007229999999999983 3.8374533978071517
0.0007239999999999983 3.515235771239208
0.0007249999999999983 3.1768084637065175
0.0007259999999999983 2.830034906854916
0.0007269999999999983 2.4825949027927283
0.0007279999999999983 2.141748885420084
0.0007289999999999983 1.8141268134932822
0.0007299999999999982 1.5055489403025732
0.0007309999999999983 1.2208841343317247
0.0007319999999999983 0.9639496601795259
0.0007329999999999983 0.7374544552945382
0.0007339999999999983 0.5429860441910077
0.0007349999999999982 0.3810394044657111
0.0007359999999999983 0.2510844188989391
0.0007369999999999983 0.1516670863282148
0.0007379999999999982 0.08053847917956648
0.0007389999999999982 0.034804570688905384
0.0007399999999999983 0.011089536328158666
0.0007409999999999983 0.0057049706824018704
0.0007419999999999983 0.014817644645480296
0.0007429999999999982 0.03460893372964737
0.0007439999999999982 0.06141983754393124
0.0007449999999999983 0.09187653219946819
0.0007459999999999982 0.12299259174356378
0.0007469999999999982 0.15224531631331092
0.0007479999999999982 0.17762494603349469
0.0007489999999999983 0.1976568546067126
0.0007499999999999983 0.2113980434896261
0.0007509999999999982 0.2184103424181286
0.0007519999999999982 0.21871362057452118
0.0007529999999999982 0.2127229922262722
0.0007539999999999982 0.20117444125070805
0.0007549999999999982 0.18504348371982532
0.0007559999999999982 0.16546144255744308
0.0007569999999999982 0.14363364091710853
0.0007579999999999983 0.12076335937019976
0.0007589999999999982 0.0979847825350883
0.0007599999999999982 0.07630742566890567
0.0007609999999999982 0.05657372664917309
0.0007619999999999981 0.039430660185262804
0.0007629999999999982 0.0253154238344197
0.0007639999999999982 0.014454500305303911
0.0007649999999999982 0.006874752548173437
0.0007659999999999982 0.0024246847400090903
0.0007669999999999982 0.0008036224635810966
0.0007679999999999982 0.001596339116728203
0.0007689999999999982 0.0043105838082609154
0.0007699999999999981 0.008415041100276095
0.0007709999999999981 0.013375459745436948
0.0007719999999999982 0.0186870045541518
0.0007729999999999982 0.023901286520116492
0.0007739999999999982 0.02864698220229888
0.0007749999999999981 0.03264343386501922
0.0007759999999999982 0.03570709745061918
0.0007769999999999982 0.037751148863061586
0.0007779999999999981 0.03877894678508882
0.0007789999999999981 0.038872363717723096
0.0007799999999999981 0.03817622315014366
0.0007809999999999982 0.036880212825235494
0.0007819999999999982 0.03519968112662767
0.0007829999999999981 0.03335667058931629
0.0007839999999999981 0.03156240943392798
0.0007849999999999982 0.0300022830241293
0.0007859999999999981 0.028824059484826477
0.0007869999999999981 0.028129866453554135
0.0007879999999999981 0.02797212867084823
0.0007889999999999981 0.028353397756348486
0.0007899999999999982 0.029229753156088674
0.0007909999999999981 0.030517241203587286
0.0007919999999999981 0.032100658336900456
0.0007929999999999981 0.03384388161258598
0.000793999999999998 0.03560090744790823
0.0007949999999999981 0.037226776606384036
0.0007959999999999981 0.03858763465754336
0.0007969999999999981 0.03956929411285181
0.0007979999999999981 0.040083816297194895
0.0007989999999999981 0.04007380524298376
0.0007999999999999981 0.03951428923522633
0.0008009999999999981 0.03841224500297438
0.000801999999999998 0.03680398287919197
0.000802999999999998 0.034750748237569816
0.0008039999999999981 0.03233299722203847
0.0008049999999999981 0.02964386804555621
0.0008059999999999981 0.026782390764394003
0.000806999999999998 0.023846959234137977
0.0008079999999999981 0.02092953251791915
0.0008089999999999981 0.01811094536113372
0.000809999999999998 0.015457596389377836
0.000810999999999998 0.013019657627471691
0.000811999999999998 0.010830819573079877
0.0008129999999999981 0.008909462081562439
0.0008139999999999981 0.007261031653562339
0.000814999999999998 0.005881317928500212
0.000815999999999998 0.004760262003622443
0.0008169999999999981 0.0038859001726811947
0.000817999999999998 0.0032480500098756786
0.000818999999999998 0.0028413802448194136
0.000819999999999998 0.002667568194697096
0.0008209999999999981 0.002736333327531727
0.0008219999999999981 0.0030652360067296783
0.000822999999999998 0.003678238797985107
0.000823999999999998 0.0046031356633595795
0.000824999999999998 0.005868053837659136
0.000825999999999998 0.0074973168094201416
0.000826999999999998 0.009507018461130815
0.000827999999999998 0.011900693536449994
0.000828999999999998 0.01466547559148744
0.0008299999999999981 0.01776910992525444
0.000830999999999998 0.021158137235944487
0.000831999999999998 0.024757487445315363
0.000832999999999998 0.028471627512479003
0.0008339999999999979 0.03218729870048368
0.000834999999999998 0.03577776512965543
0.000835999999999998 0.03910838439341798
0.000836999999999998 0.0420432102157905
0.000837999999999998 0.04445225361894897
0.000838999999999998 0.04621896873521871
0.000839999999999998 0.04724749661048589
0.000840999999999998 0.047469197668153364
0.0008419999999999979 0.046848031524658364
0.0008429999999999979 0.04538440015057573
0.000843999999999998 0.04311715362250861
0.000844999999999998 0.04012356188075513
0.000845999999999998 0.03651717459598126
0.0008469999999999979 0.032443617096156376
0.000847999999999998 0.02807449546708702
0.000848999999999998 0.023599700582931888
0.0008499999999999979 0.019218501623044754
0.0008509999999999979 0.015129898234704356
0.0008519999999999979 0.011522751921718997
0.000852999999999998 0.008566238167245374
0.000853999999999998 0.006401149804673781
0.0008549999999999979 0.0051325397637194
0.0008559999999999979 0.004824119992072562
0.000856999999999998 0.005494737300312696
0.0008579999999999979 0.007117131807935985
0.0008589999999999979 0.009619056426315243
0.0008599999999999979 0.012886703955924755
0.0008609999999999979 0.01677025970097273
0.000861999999999998 0.021091279583533486
0.0008629999999999979 0.02565149345018571
0.0008639999999999979 0.030242556384344116
0.0008649999999999979 0.03465622170272076
0.0008659999999999978 0.03869439057081688
0.0008669999999999979 0.04217850563384206
0.0008679999999999979 0.04495779867856103
0.0008689999999999979 0.046915972293771764
0.0008699999999999979 0.04797598837232527
0.0008709999999999979 0.04810274638535516
0.0008719999999999979 0.047303555008925045
0.0008729999999999979 0.045626424715930175
0.0008739999999999978 0.043156329093205895
0.0008749999999999978 0.040009691984097866
0.0008759999999999979 0.03632744992539649
0.0008769999999999979 0.032267109693112736
0.0008779999999999979 0.02799426543975705
0.0008789999999999978 0.02367405683354401
0.0008799999999999979 0.019463038420223747
0.0008809999999999979 0.01550189242059642
0.0008819999999999978 0.01190935521686768
0.0008829999999999978 0.008777646097229601
0.0008839999999999979 0.006169590729185978
0.0008849999999999979 0.00411752736540314
0.0008859999999999979 0.002623977356632227
0.0008869999999999978 0.0016639595238006786
0.0008879999999999978 0.001188736275178324
0.0008889999999999979 0.0011307032238374235
0.0008899999999999978 0.0014090775786886832
0.0008909999999999978 0.0019360065719216898
0.0008919999999999978 0.0026227070380861004
0.0008929999999999979 0.0033852608851618294
0.0008939999999999979 0.004149727065524265
0.0008949999999999978 0.004856285923111928
0.0008959999999999978 0.005462202515523443
0.0008969999999999978 0.005943476903334007
0.0008979999999999978 0.006295136158977027
0.0008989999999999978 0.0065302094865159485
0.0008999999999999978 0.006677509033234709
0.0009009999999999978 0.006778409869160133
0.0009019999999999979 0.0068828791360847205
0.0009029999999999978 0.007045043449569635
0.0009039999999999978 0.007318603367628541
0.0009049999999999978 0.0077524034636217935
0.0009059999999999977 0.008386446864904053
0.0009069999999999978 0.009248605839923906
0.0009079999999999978 0.01035222797897252
0.0009089999999999978 0.011694774404058314
0.0009099999999999978 0.013257556537733906
0.0009109999999999977 0.015006565842282717
0.0009119999999999978 0.016894321204447588
0.0009129999999999978 0.018862595605194397
0.0009139999999999977 0.02084583115689714
0.0009149999999999977 0.022775012526362236
0.0009159999999999978 0.02458174527301294
0.0009169999999999978 0.026202278759958345
0.0009179999999999978 0.02758122300701706
0.0009189999999999977 0.028674734068529648
0.0009199999999999978 0.029452981204819477
0.0009209999999999978 0.029901758449048493
0.0009219999999999977 0.03002315973098888
0.0009229999999999977 0.02983529672488548
0.0009239999999999977 0.029371098148480282
0.0009249999999999978 0.028676284603295982
0.0009259999999999978 0.027806660837420446
0.0009269999999999977 0.026824904737987123
0.0009279999999999977 0.02579705737256819
0.0009289999999999978 0.02478892980353025
0.0009299999999999977 0.023862639912219423
0.0009309999999999977 0.023073476707237268
0.0009319999999999977 0.022467262005962663
0.0009329999999999977 0.0220783421424381
0.0009339999999999978 0.021928298196768774
0.0009349999999999977 0.02202541525410402
0.0009359999999999977 0.022364902629508777
0.0009369999999999977 0.022929811017606497
0.0009379999999999976 0.02369255204920091
0.0009389999999999977 0.02461689321080421
0.0009399999999999977 0.025660278350428535
0.0009409999999999977 0.02677631218525893
0.0009419999999999977 0.02791724670678262
0.0009429999999999977 0.02903631773750901
0.0009439999999999977 0.030089799997447424
0.0009449999999999977 0.031038677126086784
0.0009459999999999976 0.03184985692141785
0.0009469999999999976 0.03249689901854348
0.0009479999999999977 0.03296025961030319
0.0009489999999999977 0.0332270929319886
0.0009499999999999977 0.033290679643285775
0.0009509999999999976 0.033149575890137395
0.0009519999999999977 0.0328065921945317
0.0009529999999999977 0.03226771750514664
0.0009539999999999976 0.03154110052865921
0.0009549999999999976 0.030636188315996557
0.0009559999999999977 0.02956310210632479
0.0009569999999999977 0.028332304295535092
0.0009579999999999977 0.026954580188467442
0.0009589999999999976 0.025441326287886274
0.0009599999999999976 0.023805105750939484
0.0009609999999999977 0.022060403721605587
0.0009619999999999976 0.020224492704295514
0.0009629999999999976 0.01831830276736235
0.0009639999999999976 0.016367184426673412
0.0009649999999999977 0.014401454222214508
0.0009659999999999977 0.012456624272613974
0.0009669999999999976 0.01057323682178192
0.0009679999999999976 0.008796251709145565
0.0009689999999999976 0.00717396699694238
0.0009699999999999976 0.0057564884582309165
0.0009709999999999976 0.004593799787120181
0.0009719999999999976 0.0037335196613709613
0.0009729999999999976 0.003218461669129157
0.0009739999999999977 0.0030841363584254095
0.0009749999999999976 0.003356349438159175
0.0009759999999999976 0.004049055145942148
0.0009769999999999976 0.005162618325303566
0.0009779999999999975 0.006682622831009996
0.0009789999999999975 0.008579338209626173
0.0009799999999999976 0.010807922544314494
0.0009809999999999975 0.013309398848716908
0.0009819999999999976 0.016012397846436627
0.0009829999999999975 0.018835614094528764
0.0009839999999999975 0.021690878058443615
0.0009849999999999976 0.02448670674006841
0.0009859999999999975 0.027132162399444448
0.0009869999999999974 0.029540825007214912
0.0009879999999999976 0.031634671000727
0.0009889999999999975 0.033347649730510937
0.0009899999999999976 0.03462875999831082
0.0009909999999999975 0.03544445188184646
0.0009919999999999974 0.03578021246845918
0.0009929999999999976 0.03564123637122696
0.0009939999999999975 0.03505213061200769
0.0009949999999999974 0.03405565584481183
0.0009959999999999975 0.03271055892902389
0.0009969999999999975 0.031088602447666234
0.0009979999999999976 0.02927094192436784
0.0009989999999999975 0.02734403854890303
0.0009999999999999974 0.02539532196436723
0.0010009999999999976 0.023508832487719858
0.0010019999999999975 0.02176107411535413
0.0010029999999999974 0.020217298645867476
0.0010039999999999975 0.018928417836284198
0.0010049999999999974 0.017928706026224487
0.0010059999999999976 0.017234412095259503
0.0010069999999999975 0.016843349468988855
0.0010079999999999974 0.016735479044539647
0.0010089999999999975 0.01687444545722762
0.0010099999999999974 0.017209975169263817
0.0010109999999999974 0.017680998377731225
0.0010119999999999975 0.018219318324676718
0.0010129999999999974 0.018753623370058915
0.0010139999999999975 0.019213620670572796
0.0010149999999999975 0.01953406631122853
0.0010159999999999974 0.019658475342830575
0.0010169999999999975 0.019542315734584672
0.0010179999999999974 0.01915552141822818
0.0010189999999999973 0.018484199441135787
0.0010199999999999975 0.017531452348008132
0.0010209999999999974 0.016317286535383124
0.0010219999999999975 0.014877627573337078
0.0010229999999999974 0.013262511483685084
0.0010239999999999974 0.011533564010399075
0.0010249999999999975 0.009760915667017716
0.0010259999999999974 0.008019726926871204
0.0010269999999999973 0.006386514045078629
0.0010279999999999974 0.004935471022720127
0.0010289999999999974 0.0037349771705593063
0.0010299999999999975 0.002844463284013213
0.0010309999999999974 0.0023117838828526673
0.0010319999999999973 0.002171210084943698
0.0010329999999999975 0.0024421196453243885
0.0010339999999999974 0.0031284199151170103
0.0010349999999999973 0.004218698463109475
0.0010359999999999974 0.005687057292353975
0.0010369999999999973 0.0074945521943197
0.0010379999999999975 0.00959113068498238
0.0010389999999999974 0.011917941576168697
0.0010399999999999973 0.014409877435689037
0.0010409999999999974 0.016998208293695093
0.0010419999999999974 0.019613170698157552
0.0010429999999999973 0.022186389806325015
0.0010439999999999974 0.024653032345558098
0.0010449999999999973 0.026953613334099177
0.0010459999999999975 0.029035407511279386
0.0010469999999999974 0.03085344545502354
0.0010479999999999973 0.03237110234496417
0.0010489999999999974 0.033560312394257295
0.0010499999999999973 0.03440146252631502
0.0010509999999999972 0.03488303369114477
0.0010519999999999974 0.03500106652466886
0.0010529999999999973 0.03475852956896293
0.0010539999999999974 0.03416466320756919
0.0010549999999999973 0.03323436151884083
0.0010559999999999973 0.0319876385206885
0.0010569999999999974 0.03044920621427735
0.0010579999999999973 0.02864817110032096
0.0010589999999999972 0.026617835212107963
0.0010599999999999974 0.024395568932958703
0.0010609999999999973 0.02202270754129765
0.0010619999999999974 0.019544412888088676
0.0010629999999999973 0.017009436831610634
0.0010639999999999972 0.014469724572810472
0.0010649999999999974 0.011979803915298933
0.0010659999999999973 0.00959592029757946
0.0010669999999999972 0.007374896331664308
0.0010679999999999973 0.00537271724825465
0.0010689999999999973 0.003642868491027289
0.0010699999999999974 0.0022344769060119035
0.0010709999999999973 0.0011903306319562682
0.0010719999999999972 0.000544873050831873
0.0010729999999999973 0.00032228131264691763
0.0010739999999999973 0.0005347486056143506
0.0010749999999999972 0.0011810904965513036
0.0010759999999999973 0.002245788785434863
0.0010769999999999972 0.00369857139254437
0.0010779999999999974 0.005494604353914091
0.0010789999999999973 0.007575343085647874
0.0010799999999999974 0.009870056198638765
0.0010809999999999973 0.012297998190004426
0.0010819999999999972 0.014771169462298565
0.0010829999999999974 0.017197565620708316
0.0010839999999999973 0.019484785163679276
0.0010849999999999972 0.02154383765844783
0.0010859999999999973 0.023292975140362444
0.0010869999999999973 0.02466135924777076
0.0010879999999999972 0.025592376450966667
0.0010889999999999973 0.026046424027129256
0.0010899999999999972 0.026003009935117387
0.0010909999999999974 0.025462039606146222
0.0010919999999999973 0.0244442004688805
0.0010929999999999972 0.0229903988521782
0.0010939999999999973 0.02116025144398753
0.0010949999999999972 0.019029682155256848
0.0010959999999999974 0.016687722351155506
0.0010969999999999973 0.01423265531599253
0.0010979999999999972 0.011767682055380388
0.0010989999999999973 0.009396312992712727
0.0010999999999999972 0.007217707137714146
0.0011009999999999972 0.005322185811893245
0.0011019999999999973 0.0037871415648876457
0.0011029999999999972 0.0026735447303699845
0.0011039999999999971 0.002023221034343889
0.0011049999999999973 0.001857035280643091
0.0011059999999999972 0.0021740704290326178
0.0011069999999999973 0.0029518408006313983
0.0011079999999999972 0.004147525424801095
0.0011089999999999971 0.005700155539373086
0.0011099999999999973 0.007533641794886213
0.0011109999999999972 0.009560484420502354
0.0011119999999999973 0.011685975766869408
0.0011129999999999972 0.01381268105805936
0.0011139999999999972 0.01584497109422697
0.0011149999999999973 0.017693380638482522
0.0011159999999999972 0.01927857821089647
0.0011169999999999971 0.020534756247957232
0.0011179999999999973 0.021412283695114335
0.0011189999999999972 0.021879504172391748
0.001119999999999997 0.021923609550737175
0.0011209999999999972 0.02155056847143154
0.0011219999999999971 0.02078413926507686
0.0011229999999999973 0.019664044132499493
0.0011239999999999972 0.018243423764978284
0.001124999999999997 0.016585726553344574
0.0011259999999999972 0.01476121235728702
0.0011269999999999971 0.012843266212792004
0.0011279999999999973 0.010904721690202363
0.0011289999999999972 0.009014386858435955
0.0011299999999999971 0.007233948572636571
0.0011309999999999972 0.005615404278782464
0.0011319999999999972 0.0041991364231442375
0.001132999999999997 0.0030127049726876207
0.0011339999999999972 0.0020703908740448552
0.0011349999999999971 0.0013734800147797083
0.001135999999999997 0.0009112358964547955
0.0011369999999999972 0.00066247211863353
0.001137999999999997 0.0005976049463556362
0.0011389999999999972 0.0006810433226158453
0.0011399999999999971 0.0008737598271613486
0.001140999999999997 0.0011358818544150138
0.0011419999999999972 0.0014291476888334956
0.001142999999999997 0.0017190866294404773
0.0011439999999999972 0.0019768047657869304
0.0011449999999999971 0.0021802868935201906
0.001145999999999997 0.002315158486103164
0.0011469999999999972 0.002374887484416081
0.0011479999999999971 0.0023604417004918733
0.001148999999999997 0.002279451660724261
0.0011499999999999972 0.002144958706144167
0.001150999999999997 0.0019738523736067045
0.001151999999999997 0.0017851181351564995
0.0011529999999999971 0.0015980255648184395
0.001153999999999997 0.001430387529426639
0.0011549999999999972 0.0012970131814975994
0.001155999999999997 0.0012084619928888981
0.001156999999999997 0.0011701838948330121
0.0011579999999999971 0.0011821032589180666
0.001158999999999997 0.0012386737354693734
0.0011599999999999972 0.001329398815257712
0.001160999999999997 0.0014397814158322207
0.001161999999999997 0.001552636774453355
0.0011629999999999972 0.0016496782387951262
0.001163999999999997 0.0017132666860143443
0.001164999999999997 0.001728202403652814
0.0011659999999999971 0.0016834340328656697
0.001166999999999997 0.0015735628365943777
0.001167999999999997 0.0014000318647946924
0.001168999999999997 0.0011719078390679306
0.001169999999999997 0.0009061876512623944
0.0011709999999999971 0.0006275898046193668
0.001171999999999997 0.00036782221023011616
0.001172999999999997 0.00016434962677922487
0.001173999999999997 5.87148023172641e-05
0.001174999999999997 9.449522341235036e-05
0.0011759999999999971 0.0003150006617193077
0.001176999999999997 0.0007608340691506326
0.001177999999999997 0.0014674488017574715
0.001178999999999997 0.0024628380485784787
0.001179999999999997 0.003765487543298894
0.001180999999999997 0.005382710425231541
0.001181999999999997 0.007309464195800559
0.001182999999999997 0.009527725168272438
0.001183999999999997 0.012006467023251081
0.001184999999999997 0.014702258678776609
0.001185999999999997 0.01756046441192948
0.001186999999999997 0.02051699780932539
0.001187999999999997 0.023500552386560732
0.001188999999999997 0.026435207145022267
0.001189999999999997 0.029243286220856323
0.001190999999999997 0.03184833909849595
0.001191999999999997 0.03417810221445962
0.001192999999999997 0.036167304374995296
0.001193999999999997 0.037760187062667504
0.001194999999999997 0.038912625839792624
0.001195999999999997 0.03959375975710499
0.001196999999999997 0.03978706074703993
0.001197999999999997 0.03949080301505874
0.001198999999999997 0.03871792190436972
0.0011999999999999969 0.03749528102463927
0.001200999999999997 0.03586239407766769
0.001201999999999997 0.03386967238786974
0.001202999999999997 0.03157628946261349
0.001203999999999997 0.02904776904128243
0.0012049999999999969 0.026353412423708183
0.001205999999999997 0.023563684111596008
0.001206999999999997 0.02074767200039282
0.001207999999999997 0.01797072989612041
0.001208999999999997 0.015292396664952544
0.0012099999999999969 0.01276466875927644
0.001210999999999997 0.010430682293640447
0.001211999999999997 0.008323838474995699
0.0012129999999999968 0.006467383277128826
0.001213999999999997 0.004874430015983365
0.001214999999999997 0.0035483930641871334
0.0012159999999999968 0.0024837833205764914
0.001216999999999997 0.001667302004226145
0.0012179999999999969 0.0010791594175877826
0.001218999999999997 0.0006945398101137517
0.001219999999999997 0.00048513240333536884
0.0012209999999999968 0.0004206517937396595
0.001221999999999997 0.0004702778905090522
0.0012229999999999969 0.0006039556438840691
0.001223999999999997 0.0007935073080993096
0.001224999999999997 0.0010135240026489772
0.0012259999999999968 0.0012420179943676403
0.001226999999999997 0.0014608315468521993
0.0012279999999999969 0.0016558115687469689
0.0012289999999999968 0.001816770946757785
0.001229999999999997 0.001937266828755692
0.0012309999999999969 0.0020142328541992325
0.0012319999999999968 0.002047506224480569
0.001232999999999997 0.0020392915604771876
0.0012339999999999968 0.0019936018784453965
0.001234999999999997 0.0019157130517748284
0.0012359999999999969 0.0018116622628471751
0.0012369999999999968 0.00168781372338179
0.001237999999999997 0.001550506940619594
0.0012389999999999968 0.001405794628146691
0.001239999999999997 0.001259269573285949
0.0012409999999999969 0.0011159728835415845
0.0012419999999999968 0.0009803704556604386
0.001242999999999997 0.0008563805409792677
0.0012439999999999968 0.0007474330902484832
0.0012449999999999968 0.0006565411876208164
0.001245999999999997 0.0005863662358000466
0.0012469999999999968 0.0005392614247408153
0.0012479999999999967 0.0005172820997512479
0.0012489999999999969 0.0005221565637753162
0.0012499999999999968 0.0005552161812785075
0.001250999999999997 0.0006172889618723649
0.0012519999999999968 0.0007085656709864331
0.0012529999999999967 0.0008284515668212637
0.0012539999999999969 0.0009754197897303938
0.0012549999999999968 0.0011468840110654612
0.001255999999999997 0.001339108061717715
0.0012569999999999968 0.001547168889596086
0.0012579999999999968 0.001764986427587668
0.0012589999999999969 0.001985429972843649
0.0012599999999999968 0.0022005057506531396
0.0012609999999999967 0.0024016247916332804
0.0012619999999999968 0.0025799444608939873
0.0012629999999999968 0.0027267713308077816
0.0012639999999999967 0.0028340079657856614
0.0012649999999999968 0.00289462193702849
0.0012659999999999967 0.002903112303353619
0.0012669999999999969 0.0028559471054646086
0.0012679999999999968 0.002751945265689536
0.0012689999999999967 0.0025925777112149146
0.0012699999999999968 0.002382165499550043
0.0012709999999999967 0.002127957082526337
0.0012719999999999969 0.0018400723790614425
0.0012729999999999968 0.0015313077473650277
0.0012739999999999967 0.0012168029120229256
0.0012749999999999968 0.0009135780356632898
0.0012759999999999968 0.0006399560424557412
0.0012769999999999967 0.0004148916254202095
0.0012779999999999968 0.0002572337560147032
0.0012789999999999967 0.00018495266657977602
0.0012799999999999966 0.00021436496263749962
0.0012809999999999968 0.00035939158814407194
0.0012819999999999967 0.0006308827421817525
0.0012829999999999968 0.001036041547095158
0.0012839999999999967 0.0015779743982079414
0.0012849999999999966 0.0022553906661340753
0.0012859999999999968 0.00306246802613572
0.0012869999999999967 0.003988892463173191
0.0012879999999999968 0.005020074294855739
0.0012889999999999967 0.006137533738798334
0.0012899999999999967 0.007319442001527887
0.0012909999999999968 0.00854129694436074
0.0012919999999999967 0.00977670641723587
0.0012929999999999966 0.010998247626383136
0.0012939999999999968 0.012178367637284904
0.0012949999999999967 0.013290288460963102
0.0012959999999999966 0.014308880201683203
0.0012969999999999967 0.015211467449327266
0.0012979999999999966 0.015978537391423776
0.0012989999999999968 0.01659432283382214
0.0012999999999999967 0.017047239223247017
0.0013009999999999966 0.017330161570697895
0.0013019999999999967 0.017440534550116103
0.0013029999999999967 0.01738031663290143
0.0013039999999999968 0.017155766546479746
0.0013049999999999967 0.016777087252447396
0.0013059999999999966 0.016257948689975463
0.0013069999999999967 0.01561491542785703
0.0013079999999999967 0.01486680887469964
0.0013089999999999966 0.014034035640984653
0.0013099999999999967 0.013137913936699807
0.0013109999999999966 0.012200028515577018
0.0013119999999999965 0.011241641718965157
0.0013129999999999967 0.010283183789884819
0.0013139999999999966 0.009343840058757857
0.0013149999999999967 0.008441246151184441
0.0013159999999999966 0.0075912953918623825
0.0013169999999999966 0.006808055469208933
0.0013179999999999967 0.006103784589682453
0.0013189999999999966 0.00548903119019006
0.0013199999999999967 0.004972796164306401
0.0013209999999999967 0.004562732816818165
0.0013219999999999966 0.004265357645687733
0.0013229999999999967 0.00408624472925486
0.0013239999999999966 0.004030178038662532
0.0013249999999999965 0.004101239363235147
0.0013259999999999967 0.004302814582080422
0.0013269999999999966 0.004637507484256452
0.0013279999999999965 0.005106957881095844
0.0013289999999999966 0.00571156893486772
0.0013299999999999965 0.0064501569545275085
0.0013309999999999967 0.007319544853689609
0.0013319999999999966 0.008314127494330465
0.0013329999999999965 0.009425442743869963
0.0013339999999999966 0.010641785802045339
0.0013349999999999966 0.011947905843637021
0.0013359999999999967 0.013324823023996537
0.0013369999999999966 0.014749800292901804
0.0013379999999999965 0.01619649829623623
0.0013389999999999967 0.017635333110453746
0.0013399999999999966 0.019034046004827433
0.0013409999999999965 0.02035848235980916
0.0013419999999999966 0.02157356391075355
0.0013429999999999965 0.022644425355396857
0.0013439999999999965 0.023537673841180284
0.0013449999999999966 0.024222718732306185
0.0013459999999999965 0.024673110114791136
0.0013469999999999966 0.02486781842256085
0.0013479999999999966 0.024792384927999435
0.0013489999999999965 0.024439874041193438
0.0013499999999999966 0.02381156360916866
0.0013509999999999965 0.0229173186814549
0.0013519999999999967 0.021775607255426432
0.0013529999999999966 0.02041313284042292
0.0013539999999999965 0.018864077565763554
0.0013549999999999966 0.01716897009036827
0.0013559999999999965 0.015373213681352494
0.0013569999999999964 0.013525330343742632
0.0013579999999999966 0.011674995590997638
0.0013589999999999965 0.00987095416150367
0.0013599999999999964 0.008158918623325729
0.0013609999999999965 0.006579559449565642
0.0013619999999999965 0.005166696102215513
0.0013629999999999966 0.0039457935312577595
0.0013639999999999965 0.002932857201475499
0.0013649999999999964 0.002133802575235951
0.0013659999999999966 0.0015443525335045456
0.0013669999999999965 0.0011504894770724416
0.0013679999999999966 0.0009294590868599319
0.0013689999999999965 0.0008512914558861843
0.0013699999999999964 0.000880774231220809
0.0013709999999999966 0.0009797833053238972
0.0013719999999999965 0.0011098512470325607
0.0013729999999999964 0.0012348337263531468
0.0013739999999999965 0.0013235211149177366
0.0013749999999999965 0.0013520373787766849
0.0013759999999999964 0.0013058720754882337
0.0013769999999999965 0.00118140402191212
0.0013779999999999964 0.0009867968142951132
0.0013789999999999965 0.0007421761463232518
0.0013799999999999965 0.00047903557039869057
0.0013809999999999964 0.00023885930846301933
0.0013819999999999965 7.099587573586283e-05
0.0013829999999999964 2.9862271588826244e-05
0.0013839999999999966 0.00017160277408256807
0.0013849999999999965 0.000550366358471508
0.0013859999999999964 0.0012143999496740682
0.0013869999999999965 0.0022021788571587814
0.0013879999999999964 0.003538808947088683
0.0013889999999999964 0.005232936000311641
0.0013899999999999965 0.007274385507816239
0.0013909999999999964 0.009632730766029078
0.0013919999999999963 0.012256949168034714
0.0013929999999999965 0.01507627737813031
0.0013939999999999964 0.018002317643850744
0.0013949999999999965 0.020932382466732374
0.0013959999999999964 0.023753996340731894
0.0013969999999999963 0.026350404746411597
0.0013979999999999965 0.02860687571145582
0.0013989999999999964 0.030417521659525656
0.0013999999999999965 0.03169232241398091
0.0014009999999999964 0.032363997150728095
0.0014019999999999963 0.03239435628157753
0.0014029999999999965 0.03177976544138341
0.0014039999999999964 0.03055537383947187
0.0014049999999999963 0.02879779817000294
0.0014059999999999964 0.026626010032113526
0.0014069999999999964 0.024200247400200936
0.0014079999999999963 0.02171885621854603
0.0014089999999999964 0.01941306299691011
0.0014099999999999963 0.017539779050845767
0.0014109999999999965 0.016372637027529963
0.0014119999999999964 0.016191555645772765
0.0014129999999999963 0.01727121425877993
0.0014139999999999964 0.019868890313066656
0.0014149999999999963 0.024212165954716248
0.0014159999999999965 0.030487041612780208
0.0014169999999999964 0.03882700200817326
0.0014179999999999963 0.04930356243474904
0.0014189999999999964 0.06191878027419204
0.0014199999999999964 0.07660014971096313
0.0014209999999999963 0.09319820889311485
0.0014219999999999964 0.11148708185156321
0.0014229999999999963 0.13116805683908042
0.0014239999999999962 0.15187617365943015
0.0014249999999999964 0.1731896608472593
0.0014259999999999963 0.19464193531911927
0.0014269999999999964 0.21573575840652334
0.0014279999999999963 0.23595903873950502
0.0014289999999999962 0.254801689398049
0.0014299999999999964 0.2717728883364033
0.0014309999999999963 0.28641806046331914
0.0014319999999999964 0.2983348988099492
0.0014329999999999963 0.3071877714376494
0.0014339999999999963 0.31271991920796444
0.0014349999999999964 0.3147629349369807
0.0014359999999999963 0.3132431231679234
0.0014369999999999962 0.3081844670631902
0.0014379999999999964 0.29970806906810127
0.0014389999999999963 0.2880280787131814
0.0014399999999999962 0.2734442675333926
0.0014409999999999963 0.25633155090120013
0.0014419999999999962 0.2371268832047683
0.0014429999999999964 0.21631406047374632
0.0014439999999999963 0.1944070483765275
0.0014449999999999962 0.17193250972794563
0.0014459999999999963 0.14941223181284574
0.0014469999999999962 0.127346148934391
0.0014479999999999964 0.10619662009857153
0.0014489999999999963 0.08637455755709969
0.0014499999999999962 0.06822791230527404
0.0014509999999999963 0.052032912006839634
0.0014519999999999963 0.0379883205851387
0.0014529999999999962 0.026212852954828253
0.0014539999999999963 0.016745739525844613
0.0014549999999999962 0.009550299704406516
0.0014559999999999961 0.004520257896181881
0.0014569999999999963 0.0014884251681003293
0.0014579999999999962 0.000237279591037968
0.0014589999999999963 0.0005109121413552196
0.0014599999999999962 0.002027765421267825
0.0014609999999999962 0.004493580557743505
0.0014619999999999963 0.007613983267584159
0.0014629999999999962 0.0111061816967953
0.0014639999999999963 0.014709313476362071
0.0014649999999999963 0.01819306362691246
0.0014659999999999962 0.021364273773661478
0.0014669999999999963 0.024071371279745325
0.0014679999999999962 0.026206558731721667
0.0014689999999999961 0.027705814053570553
0.0014699999999999963 0.028546853990859808
0.0014709999999999962 0.028745303939351183
0.001471999999999996 0.02834939101237396
0.0014729999999999962 0.02743353173592125
0.0014739999999999961 0.02609121881974523
0.0014749999999999963 0.024427622244712344
0.0014759999999999962 0.022552308787809974
0.0014769999999999961 0.020572452568665626
0.0014779999999999962 0.018586859761209808
0.0014789999999999962 0.016681066646661975
0.0014799999999999963 0.014923695718341023
0.0014809999999999962 0.013364174031111585
0.0014819999999999961 0.012031836029342144
0.0014829999999999963 0.010936354207488298
0.0014839999999999962 0.010069369343269014
0.001484999999999996 0.009407131328944027
0.0014859999999999962 0.008913914710488595
0.0014869999999999961 0.008545941954671793
0.001487999999999996 0.008255533270426661
0.0014889999999999962 0.00799520459731326
0.001489999999999996 0.007721454264025231
0.0014909999999999962 0.007398012056863332
0.0014919999999999962 0.006998369510934596
0.001492999999999996 0.006507464046401384
0.0014939999999999962 0.005922448625732828
0.0014949999999999961 0.005252539231024352
0.0014959999999999962 0.004517991013049665
0.0014969999999999962 0.003748307048953294
0.001497999999999996 0.002979828298870815
0.0014989999999999962 0.00225288720044826
