2.4982557538046176e-05 0.02389568518550199
2.7480813291850794e-05 0.7486363655871195
2.9979069045655412e-05 1.9800603733579183
3.247732479946003e-05 3.049558068257433
3.497558055326465e-05 3.5557094988362667
3.747383630706926e-05 3.3942738148536957
3.997209206087389e-05 2.707130067183872
4.24703478146785e-05 1.7775297274214918
4.496860356848312e-05 0.9094024431641802
4.7466859322287735e-05 0.32700691309176166
4.996511507609236e-05 0.11973148421836675
5.246337082989697e-05 0.23984861398079302
5.4961626583701595e-05 0.5441681393290919
5.7459882337506206e-05 0.8587972490220207
5.995813809131083e-05 1.0424704715689872
6.245639384511544e-05 1.0282631659226256
6.495464959892007e-05 0.8335417477090503
6.745290535272468e-05 0.5398380157466062
6.99511611065293e-05 0.2539650904906712
7.244941686033391e-05 0.06629949562961324
7.494767261413854e-05 0.020874825544097003
7.744592836794315e-05 0.10592753258192715
7.994418412174777e-05 0.26538910003403726
8.244243987555239e-05 0.42453247602464395
8.494069562935701e-05 0.518926818203115
8.743895138316162e-05 0.5160454838323144
8.993720713696625e-05 0.4227573356886723
9.243546289077087e-05 0.2777456550640822
9.493371864457548e-05 0.13339248763016454
9.74319743983801e-05 0.0349331926946858
9.993023015218472e-05 0.004797127206567685
0.00010242848590598934 0.03728797882668037
0.00010492674165979395 0.10440324897745182
0.00010742499741359857 0.16938183528318182
0.00010992325316740319 0.20202797491113048
0.00011242150892120782 0.1897737895498511
0.00011491976467501243 0.14063048147694837
0.00011741802042881704 0.07763542732361361
0.00011991627618262166 0.02773143958679226
0.00012241453193642627 0.009967763284237954
0.00012491278769023088 0.02784348637988874
0.0001274110434440355 0.06867834070017342
0.00012990929919784013 0.10994323360188941
0.00013240755495164475 0.12969999471626004
0.00013490581070544936 0.11674793675711408
0.00013740406645925397 0.07629835854266993
0.0001399023222130586 0.028845135035339423
0.00014240057796686322 0.002609467067075763
0.00014489883372066783 0.022450492293098704
0.00014739708947447244 0.09950072568794335
0.00014989534522827705 0.22551605812148845
0.0001523936009820817 0.37416077730481445
0.0001548918567358863 0.5088704637924927
0.0001573901124896909 0.5945225262909302
0.00015988836824349555 0.6087815377808187
0.00016238662399730016 0.5491500033174731
0.00016488487975110477 0.4333481699517976
0.00016738313550490938 0.2930536470375553
0.000169881391258714 0.16336013941529143
0.00017237964701251863 0.0717285664048938
0.00017487790276632324 0.0302261681878139
0.00017737615852012785 0.03352238539768048
0.0001798744142739325 0.06296240250682125
0.0001823726700277371 0.09487466729829083
0.00018487092578154172 0.10986629591195242
0.00018736918153534633 0.09969211543506672
0.00018986743728915094 0.06935534288419083
0.00019236569304295558 0.03396704556215337
0.0001948639487967602 0.011843411862249353
0.0001973622045505648 0.01664005843145513
0.00019986046030436944 0.051556272229427116
0.00020235871605817405 0.10774911897713195
0.00020485697181197866 0.16745035334568084
0.00020735522756578327 0.21051111827631191
0.00020985348331958788 0.22186290579739096
0.00021235173907339252 0.1971111894146843
0.00021484999482719713 0.14423490994242133
0.00021734825058100174 0.08083736605719272
0.00021984650633480638 0.028020191321241214
0.000222344762088611 0.0031360010237456077
0.0002248430178424156 0.014005041242728791
0.00022734127359622021 0.056571152688846375
0.00022983952935002483 0.1166807619312568
0.00023233778510382946 0.1751889938802907
0.00023483604085763407 0.2144688297125659
0.00023733429661143869 0.22401004274212277
0.00023983255236524332 0.20324643737910925
0.00024233080811904794 0.16083583823898498
0.00024482906387285255 0.11091208182620488
0.00024732731962665716 0.06785422695740288
0.00024982557538046177 0.04152208034348423
0.00025232383113426643 0.03458262050579165
0.00025482208688807105 0.0426650638439292
0.00025732034264187566 0.05699533040985171
0.00025981859839568027 0.06828701937243599
0.0002623168541494849 0.07031422993059946
0.0002648151099032895 0.0618562672801776
0.0002673133656570941 0.04644283608490428
0.0002698116214108987 0.03022789822208468
0.0002723098771647033 0.0190256792445
0.00027480813291850794 0.015793164734847022
0.0002773063886723126 0.01956944726360928
0.0002798046444261172 0.0262206377265457
0.0002823029001799218 0.030571769567698807
0.00028480115593372643 0.028945194177872367
0.00028729941168753105 0.02098581361939293
0.00028979766744133566 0.009979214662520875
0.00029229592319514027 0.0015152923000003706
0.00029479417894894493 0.0010491080994970404
0.00029729243470274954 0.011378988385498124
0.00029979069045655416 0.031112389294667607
0.00030228894621035877 0.05480450486491852
0.0003047872019641634 0.0747877837057665
0.000307285457717968 0.08402747215304353
0.0003097837134717726 0.07890937642961655
0.0003122819692255772 0.060861410811449156
0.0003147802249793818 0.036134762515502676
0.0003172784807331865 0.013761972416774381
0.0003197767364869911 0.002403323373666239
0.0003222749922407957 0.007224407465705466
0.0003247732479946003 0.02795214315418055
0.00032727150374840493 0.05883201864612419
0.00032976975950220954 0.0905160788082888
0.00033226801525601416 0.11320908500677193
0.0003347662710098188 0.11995001814786165
0.00033726452676362343 0.10887112516677408
0.00033976278251742804 0.08366353693518654
0.00034226103827123265 0.052136969492269584
0.00034475929402503727 0.023443486216780423
0.0003472575497788419 0.004991025226227519
0.0003497558055326465 0.00014114246721990025
0.0003522540612864511 0.007454798708520732
0.0003547523170402557 0.021655964427853624
0.0003572505727940604 0.03585438944362598
0.000359748828547865 0.04413964280727222
0.0003622470843016696 0.043578838391194
0.0003647453400554742 0.03493386097093769
0.0003672435958092788 0.021936881391469123
0.00036974185156308343 0.009516653571903982
0.00037224010731688804 0.001740821494219061
0.0003747383630706927 0.00029753410643439023
0.0003772366188244973 0.004075734047906004
0.00037973487457830193 0.009934832186729903
0.00038223313033210654 0.01427326508314564
0.00038473138608591115 0.014701520045031915
0.00038722964183971576 0.011112177468051314
0.0003897278975935204 0.0057124973826855815
0.000392226153347325 0.002026065855909498
0.0003947244091011296 0.003297438989877052
0.00039722266485493426 0.010975830217923137
0.0003997209206087389 0.023916697843163286
0.0004022191763625435 0.038643215638870534
0.0004047174321163481 0.05057641813434193
0.0004072156878701527 0.05574955464759763
0.0004097139436239573 0.05232682862606483
0.00041221219937776193 0.041325960667004974
0.0004147104551315666 0.02626353424909994
0.0004172087108853712 0.011871269990809194
0.0004197069666391758 0.002396643812361754
0.00042220522239298043 0.00015616458306372299
0.00042470347814678504 0.004893705666252353
0.00042720173390058965 0.014159150094489079
0.00042969998965439426 0.02450356148983985
0.0004321982454081989 0.0329584850841955
0.0004346965011620035 0.0381640178789034
0.00043719475691580815 0.04067551524686507
0.00043969301266961276 0.04234387984294544
0.00044219126842341737 0.04507687045337489
0.000444689524177222 0.049573832766731434
0.0004471877799310266 0.05465821159431268
0.0004496860356848312 0.057588463092074035
0.0004521842914386358 0.05530125335600227
0.0004546825471924405 0.04610493274152474
0.0004571808029462451 0.031082520210122793
0.0004596790587000497 0.014504285148787491
0.0004621773144538543 0.0028956413029925542
0.00046467557020765893 0.002936097973091461
0.00046717382596146354 0.01887559311193394
0.00046967208171526815 0.0504359057645181
0.00047217033746907276 0.0920850873900823
0.00047466859322287737 0.1341348539474138
0.00047716684897668204 0.16545896121040518
0.00047966510473048665 0.1770019451232021
0.00048216336048429126 0.16488518791059695
0.00048466161623809587 0.13197620703178034
0.0004871598719919005 0.08727064411764968
0.0004896581277457051 0.04318739618787281
0.0004921563834995097 0.011630081507311539
0.0004946546392533144 0.00014415227566703159
0.000497152895007119 0.009511366155543734
0.0004996511507609236 0.03364984696780391
0.0005021494065147283 0.061885593063298175
0.0005046476622685329 0.08281373181224005
0.0005071459180223375 0.08838401347825613
0.0005096441737761421 0.07674527339614352
0.0005121424295299467 0.0528154418968155
0.0005146406852837513 0.026359993575119617
0.0005171389410375559 0.00827042499033238
0.0005196371967913605 0.006403222611929832
0.0005221354525451651 0.022518506078685142
0.0005246337082989698 0.051471900758444426
0.0005271319640527745 0.08299596280714461
0.0005296302198065791 0.10545308777955956
0.0005321284755603837 0.11020037342557812
0.0005346267313141883 0.09495559418867722
0.0005371249870679929 0.06489288772390776
0.0005396232428217975 0.031010935014403548
0.0005421214985756021 0.0063122678601602936
0.0005446197543294068 0.001145486051089196
0.0005471180100832114 0.019390624703273525
0.000549616265837016 0.05688455321107718
0.0005521145215908206 0.1026850791237447
0.0005546127773446252 0.14274730865031404
0.0005571110330984298 0.16470839843443177
0.0005596092888522344 0.16207077224076435
0.000562107544606039 0.1362915379401764
0.0005646058003598438 0.09605022745689216
0.0005671040561136484 0.053998225817633756
0.000569602311867453 0.02221081303871213
0.0005721005676212576 0.00802613145444496
0.0005745988233750622 0.011791438856063945
0.0005770970791288668 0.02730596567075213
0.0005795953348826714 0.04472475452066356
0.000582093590636476 0.05475464086488481
0.0005845918463902806 0.05248612956416536
0.0005870901021440853 0.03935193012119843
0.0005895883578978899 0.022433915970923743
0.0005920866136516945 0.011381418863692634
0.0005945848694054991 0.014158107954017491
0.0005970831251593037 0.03333101363550235
0.0005995813809131083 0.06445016095395042
0.0006020796366669129 0.0972868278048373
0.0006045778924207175 0.11958696191183942
0.0006070761481745223 0.12197442006984954
0.0006095744039283269 0.10210681192066129
0.0006120726596821315 0.06637138784488246
0.0006145709154359361 0.02826984995868664
0.0006170691711897407 0.0038784969703263084
0.0006195674269435453 0.005926444057781887
0.0006220656826973499 0.03866320571834125
0.0006245639384511545 0.09552141318926341
0.0006270621942049591 0.1606431854966667
0.0006295604499587638 0.21394479699491364
0.0006320587057125684 0.2380462199643661
0.000634556961466373 0.2245996080931421
0.0006370552172201776 0.17764036082422863
0.0006395534729739822 0.11256876998263265
0.0006420517287277868 0.05092844239295846
0.0006445499844815915 0.012728136718034936
0.0006470482402353961 0.009067353168518897
0.0006495464959892008 0.03786281473662333
0.0006520447517430054 0.08446253817734044
0.00065454300749681 0.12719023098997115
0.0006570412632506146 0.14598895100137643
0.0006595395190044192 0.13101817020284795
0.0006620377747582238 0.08782990547909472
0.0006645360305120284 0.036771559503140955
0.000667034286265833 0.006254598224515081
0.0006695325420196376 0.021836160744480526
0.0006720307977734423 0.09486991901942131
0.0006745290535272469 0.21509487236298805
0.0006770273092810515 0.35061947711502484
0.0006795255650348561 0.45650711796697385
0.0006820238207886607 0.490241352727752
0.0006845220765424653 0.4296931967281149
0.00068702033229627 0.2877551677568988
0.0006895185880500746 0.11814162050741157
0.0006920168438038793 0.009025052286514375
0.0006945150995576839 0.06463068988177273
0.0006970133553114885 0.378646416490848
0.0006995116110652931 1.006173927529179
0.0007020098668190977 1.9420124983213638
0.0007045081225729023 3.1119048349837666
0.0007070063783267069 4.380223345586628
0.0007095046340805115 5.573280158936502
0.0007120028898343161 6.513213293482824
0.0007145011455881208 7.054445994498023
0.0007169994013419254 7.113888988001686
0.00071949765709573 6.687596418742507
0.0007219959128495346 5.85005596962818
0.0007244941686033393 4.73671003388832
0.0007269924243571439 3.5144398209602947
0.0007294906801109485 2.3474862214893357
0.0007319889358647531 1.3669513065722863
0.0007344871916185577 0.650553545023228
0.0007369854473723624 0.21622889830146455
0.000739483703126167 0.029423383517539935
0.0007419819588799716 0.02057198189880883
0.0007444802146337762 0.10717008381238878
0.0007469784703875808 0.2144546113590755
0.0007494767261413854 0.289942159314853
0.00075197498189519 0.30939328270926403
0.0007544732376489946 0.27440742841683596
0.0007569714934027992 0.20402655599852723
0.0007594697491566039 0.1238915374382836
0.0007619680049104085 0.0564723756314327
0.0007644662606642131 0.014873147259233282
0.0007669645164180178 0.0011555193208383527
0.0007694627721718224 0.008583705417261351
0.000771961027925627 0.026132115346649595
0.0007744592836794316 0.04325702249602853
0.0007769575394332362 0.05329238765252208
0.0007794557951870409 0.054645816197905164
0.0007819540509408455 0.04989393957666486
0.0007844523066946501 0.04358088252205235
0.0007869505624484547 0.039810638923618094
0.0007894488182022593 0.040571239808260114
0.0007919470739560639 0.04526891502023617
0.0007944453297098685 0.05140330600971147
0.0007969435854636731 0.055894867932758864
0.0007994418412174777 0.05641667813235739
0.0008019400969712824 0.052201002768631447
0.0008044383527250871 0.04409551986284762
0.0008069366084788917 0.03398666265121062
0.0008094348642326963 0.023946310809123822
0.0008119331199865009 0.01551170436216787
0.0008144313757403055 0.00938056350332216
0.0008169296314941101 0.005571143068739561
0.0008194278872479147 0.0038721004914282803
0.0008219261430017194 0.004287042074842074
0.000824424398755524 0.007207720962788022
0.0008269226545093286 0.01320501149091653
0.0008294209102631332 0.0225316868659462
0.0008319191660169378 0.03459113122782454
0.0008344174217707424 0.04766913028362383
0.000836915677524547 0.05913132206199354
0.0008394139332783516 0.06609535233085126
0.0008419121890321562 0.0663749718830241
0.0008444104447859609 0.05935244085761611
0.0008469087005397656 0.04642702293024239
0.0008494069562935702 0.030819903160967825
0.0008519052120473748 0.01674232449647297
0.0008544034678011794 0.008169296165228433
0.000856901723554984 0.0076163713282049956
0.0008593999793087886 0.01533186256547542
0.0008618982350625932 0.029183886768804915
0.0008643964908163979 0.04528805217726983
0.0008668947465702025 0.05917139103757177
0.0008693930023240071 0.06709051987751158
0.0008718912580778117 0.06707865781573773
0.0008743895138316163 0.0593993278977735
0.0008768877695854209 0.04629400549199782
0.0008793860253392255 0.031149906790237075
0.0008818842810930301 0.017398183037732416
0.0008843825368468349 0.007520632064727739
0.0008868807926006395 0.002477293746554423
0.0008893790483544441 0.0016987978320869544
0.0008918773041082487 0.0035816729326400027
0.0008943755598620533 0.006256962311625642
0.0008968738156158579 0.008329252955264394
0.0008993720713696625 0.009323849192984592
0.0009018703271234671 0.009711251159034668
0.0009043685828772717 0.01054595393487084
0.0009068668386310764 0.012896964889893512
0.000909365094384881 0.017310914948075896
0.0009118633501386856 0.02351747707480327
0.0009143616058924902 0.030479430426449343
0.0009168598616462948 0.03675152313549202
0.0009193581174000994 0.04099702951232896
0.000921856373153904 0.042460071241708024
0.0009243546289077086 0.04121994229099825
0.0009268528846615134 0.038144805077369295
0.000929351140415318 0.034577651245070375
0.0009318493961691226 0.031882333156821555
0.0009343476519229272 0.031017791024789517
0.0009368459076767318 0.032283528863700076
0.0009393441634305364 0.03530381925239735
0.000941842419184341 0.03922508265784891
0.0009443406749381456 0.04302751524521042
0.0009468389306919502 0.04582477452853216
0.0009493371864457549 0.0470504890265275
0.0009518354421995595 0.04649228832448311
0.0009543336979533641 0.04420388808280479
0.0009568319537071687 0.04037331992772143
0.0009593302094609733 0.035231871380782605
0.0009618284652147779 0.02905359484284623
0.0009643267209685826 0.02223726750650494
0.0009668249767223872 0.01540921090641539
0.0009693232324761919 0.009461959481192274
0.0009718214882299965 0.005462727599113925
0.0009743197439838011 0.004420660143500132
0.0009768179997376057 0.006970400667490611
0.0009793162554914102 0.01308192155913755
0.000981814511245215 0.021918344622109343
0.0009843127669990194 0.03192570251227313
0.0009868110227528241 0.04116218106870049
0.0009893092785066286 0.04778655978907759
0.0009918075342604334 0.05055968273979608
0.0009943057900142379 0.04919547984309298
0.0009968040457680426 0.04443868568429742
0.000999302301521847 0.037832931666097386
0.0010018005572756518 0.03124582416710947
0.0010042988130294563 0.02630063295823052
0.001006797068783261 0.023897441316786464
0.0010092953245370655 0.0239776867112873
0.0010117935802908702 0.025604680053589415
0.0010142918360446747 0.027327248659306132
0.0010167900917984795 0.027700723036237215
0.001019288347552284 0.02579080553425131
0.0010217866033060887 0.021497021508808712
0.0010242848590598932 0.01559776005554332
0.001026783114813698 0.00951399368964885
0.0010292813705675026 0.004879880751071734
0.0010317796263213071 0.0030648387208807915
0.0010342778820751118 0.004796353507891014
0.0010367761378289164 0.00998790990030621
0.001039274393582721 0.017801405529228553
0.0010417726493365256 0.026896840808123768
0.0010442709050903303 0.035770720059713386
0.0010467691608441348 0.04307367458885379
0.0010492674165979395 0.0478262077134604
0.001051765672351744 0.04950339340526719
0.0010542639281055487 0.04801162567585299
0.0010567621838593532 0.04361216163650754
0.001059260439613158 0.036846797066560105
0.0010617586953669625 0.028494283007284096
0.0010642569511207672 0.019547614074155076
0.001066755206874572 0.011172392276905663
0.0010692534626283764 0.004601141576230436
0.0010717517183821811 0.0009424037924898485
0.0010742499741359856 0.0009276772500832794
0.0010767482298897903 0.004664498130762237
0.0010792464856435949 0.011488557513622329
0.0010817447413973996 0.01999683918916209
0.001084242997151204 0.028296092315687273
0.0010867412529050088 0.03443043594433783
0.0010892395086588133 0.03688318139116745
0.001091737764412618 0.03500749172983762
0.0010942360201664225 0.029246368637971133
0.0010967342759202272 0.021056966312116752
0.0010992325316740317 0.012542065800868012
0.0011017307874278365 0.00588445358118614
0.0011042290431816412 0.0027463964642863354
0.0011067272989354457 0.003812731445436586
0.0011092255546892504 0.00861515696757288
0.001111723810443055 0.015689430202232842
0.0011142220661968596 0.023014159963951338
0.0011167203219506641 0.028593599894806827
0.0011192185777044688 0.031005556863009865
0.0011217168334582733 0.029752204652648096
0.001124215089212078 0.02531958046487115
0.0011267133449658826 0.018947102177436777
0.0011292116007196873 0.0121991834995638
0.0011317098564734918 0.006487174260706641
0.0011342081122272965 0.0026943918981338372
0.001136706367981101 0.0010110919281467279
0.0011392046237349057 0.0010081301108798837
0.0011417028794887102 0.0018962175486162776
0.001144201135242515 0.002860334859595043
0.0011466993909963197 0.003344320266744338
0.0011491976467501242 0.0031911819739247425
0.001151695902503929 0.0026065610641996836
0.0011541941582577334 0.0019818007703617936
0.0011566924140115381 0.0016637357881117147
0.0011591906697653426 0.001772955124813061
0.0011616889255191473 0.002147182722843318
0.0011641871812729518 0.002432553000378346
0.0011666854370267566 0.002284123689079086
0.001169183692780561 0.0015913126186832926
0.0011716819485343658 0.0006310191465223625
0.0011741802042881703 7.557310966404533e-05
0.001176678460041975 0.0008352056510206337
0.0011791767157957795 0.003776215038202412
0.0011816749715495842 0.009404180180689867
0.0011841732273033887 0.01761921775979332
0.0011866714830571935 0.027631111299278404
0.0011891697388109982 0.0380727855859532
0.0011916679945648027 0.047287943771636406
0.0011941662503186074 0.05371376901749187
0.001196664506072412 0.05625030453100824
0.0011991627618262166 0.054513269230344524
0.0012016610175800211 0.048903796373133905
0.0012041592733338258 0.04048391380000694
0.0012066575290876303 0.030702234176936863
0.001209155784841435 0.021053043999514378
0.0012116540405952396 0.012763132759646354
0.0012141522963490443 0.00658323638289596
0.0012166505521028488 0.002722974896047494
0.0012191488078566535 0.0009234362049130626
0.001221647063610458 0.0006245519112386623
0.0012241453193642627 0.0011654638901728114
0.0012266435751180675 0.001958481673623631
0.001229141830871872 0.0025969700975376816
0.0012316400866256767 0.0028855118650659237
0.0012341383423794812 0.002806526322475849
0.001236636598133286 0.002453120420696813
0.0012391348538870904 0.001960033585409629
0.0012416331096408951 0.0014551077922367148
0.0012441313653946996 0.0010385487607986216
0.0012466296211485043 0.0007832664860745768
0.0012491278769023088 0.0007421267738797965
0.0012516261326561136 0.000948946866092851
0.001254124388409918 0.0014077479880907444
0.0012566226441637228 0.00207476791669617
0.0012591208999175273 0.0028450885895012048
0.001261619155671332 0.003556964376008338
0.0012641174114251367 0.004021340525437815
0.0012666156671789412 0.004073844266884067
0.001269113922932746 0.0036358612865539596
0.0012716121786865505 0.0027645864210961144
0.0012741104344403552 0.0016721347503386615
0.0012766086901941597 0.0007013628340483703
0.0012791069459479644 0.00025875127885273283
0.001281605201701769 0.0007184441424730714
0.0012841034574555736 0.0023217902046379483
0.0012866017132093781 0.0051000307493154345
0.0012890999689631828 0.008842872505822602
0.0012915982247169873 0.01312388770706225
0.001294096480470792 0.017378432376403376
0.0012965947362245966 0.02101554167561837
0.0012990929919784013 0.023536194328840153
0.0013015912477322058 0.024629032281970824
0.0013040895034860105 0.024221377759471415
0.0013065877592398152 0.022476146124458977
0.0013090860149936197 0.019740196220524933
0.0013115842707474245 0.016462340478321867
0.001314082526501229 0.013105883603098117
0.0013165807822550337 0.010079230247637785
0.0013190790380088382 0.007699342805522004
0.001321577293762643 0.006189603001184375
0.0013240755495164474 0.0057004897126568055
0.0013265738052702521 0.006333170025016771
0.0013290720610240566 0.008145933093379347
0.0013315703167778613 0.011131986267497295
0.0013340685725316658 0.015171867708657891
0.0013365668282854706 0.019979342792014174
0.001339065084039275 0.025069826278686553
0.0013415633397930798 0.029779965775034067
0.0013440615955468843 0.03335419468606114
0.001346559851300689 0.03509150969362622
0.0013490581070544937 0.034520404570552166
0.0013515563628082982 0.031551088245100424
0.001354054618562103 0.026550321841093058
0.0013565528743159075 0.020299764731159502
0.0013590511300697122 0.013831456915434673
0.0013615493858235167 0.00817501945303417
0.0013640476415773214 0.0040867719953434755
0.001366545897331126 0.0018473883065369034
0.0013690441530849306 0.0012028613061190313
0.0013715424088387351 0.0014832513471645537
0.0013740406645925398 0.0018751317803147349
0.0013765389203463443 0.0017652473484864148
0.001379037176100149 0.0010358536665004737
0.0013815354318539536 0.00019317620938684798
0.0013840336876077583 0.00025484704860547446
0.001386531943361563 0.0024006350450055678
0.0013890301991153675 0.007480245063624454
0.0013915284548691722 0.015542029294903302
0.0013940267106229767 0.02556910866491733
0.0013965249663767814 0.03556919456416197
0.001399023222130586 0.04306557168543301
0.0014015214778843907 0.045904359883988
0.0014040197336381952 0.043167409431633066
0.001406517989392 0.03590435417164325
0.0014090162451458044 0.027403871079111162
0.0014115145008996091 0.022822451770025273
0.0014140127566534136 0.028159599712243643
0.0014165110124072183 0.04876638910417212
0.0014190092681610228 0.08774116060419451
0.0014215075239148276 0.14464695441328956
0.0014240057796686323 0.2149467369453405
0.0014265040354224368 0.290394941650661
0.0014290022911762415 0.36038389075258886
0.001431500546930046 0.41398529037505927
0.0014339988026838507 0.44222373777215024
0.0014364970584376552 0.44003231335323734
0.00143899531419146 0.40739978171899655
0.0014414935699452644 0.34941307547274186
0.0014439918256990692 0.275176565009586
0.0014464900814528737 0.19587492521285083
0.0014489883372066784 0.12245996834222053
0.001451486592960483 0.0635247504411146
0.0014539848487142876 0.023859459276728147
0.0014564831044680921 0.003985696847476345
0.0014589813602218968 0.0006979340139400033
0.0014614796159757013 0.008380614989746238
0.001463977871729506 0.020689014274436833
0.0014664761274833108 0.032127494013330475
0.0014689743832371153 0.039137228255988914
0.00147147263899092 0.04048436908258957
0.0014739708947447245 0.03695908610645531
0.0014764691504985292 0.030588152370026562
0.0014789674062523337 0.0236743768455424
0.0014814656620061384 0.01798004135396462
0.001483963917759943 0.014278457303157353
0.0014864621735137477 0.012347048002492473
0.0014889604292675522 0.011320900707511312
0.0014914586850213569 0.010217667785503568
0.0014939569407751614 0.008413426876560926
0.0014964551965289661 0.005896874213563353
0.0014989534522827706 0.0032316007625840023
0.0015014517080365753 0.0012724127500342282
0.0015039499637903798 0.0007696971010870271
0.0015064482195441846 0.002026965732214432
0.0015089464752979893 0.004744470319630423
0.0015114447310517938 0.008102648802014337
0.0015139429868055985 0.01104523630042155
0.001516441242559403 0.012648449447760082
0.0015189394983132077 0.01243544837299775
0.0015214377540670122 0.01052173959620296
0.001523936009820817 0.007544788663065175
0.0015264342655746214 0.0044129389387786554
0.0015289325213284262 0.0019739272290702084
0.0015314307770822307 0.0007284812183155835
0.0015339290328360354 0.0006920132396757385
0.0015364272885898399 0.0014474994393569134
0.0015389255443436446 0.0023589177807806817
0.0015414238000974491 0.0028550633789867115
0.0015439220558512538 0.002669977567448928
0.0015464203116050586 0.001946442467795083
0.001548918567358863 0.0011643465262011188
0.0015514168231126678 0.0009246862625468279
0.0015539150788664723 0.0016763655414695868
0.001556413334620277 0.003495720651673284
0.0015589115903740815 0.006009541521571966
0.0015614098461278862 0.008498596894743641
0.0015639081018816907 0.010150338433573611
0.0015664063576354954 0.010371822711886455
0.0015689046133893 0.009048190953085586
0.0015714028691431047 0.006647837450209387
0.0015739011248969092 0.004127216759622629
0.0015763993806507139 0.0026577268095780674
0.0015788976364045184 0.003259702108936376
0.0015813958921583231 0.0064623015149161776
0.0015838941479121278 0.012101342206399244
0.0015863924036659323 0.01932252051488531
0.001588890659419737 0.026790637750903783
0.0015913889151735416 0.033039405967877536
0.0015938871709273463 0.036853306853178995
0.0015963854266811508 0.037566518545758196
0.0015988836824349555 0.035194906334931844
0.00160138193818876 0.030373580306417815
0.0016038801939425647 0.024134539319842746
0.0016063784496963692 0.017605564609381227
0.001608876705450174 0.011728278845833679
0.0016113749612039784 0.007076670914816022
0.0016138732169577832 0.003815564813111642
0.0016163714727115877 0.0017877712936636852
0.0016188697284653924 0.0006772310043068902
0.0016213679842191969 0.00017696616475787902
0.0016238662399730016 9.958788330299365e-05
0.0016263644957268063 0.0003987725302020793
0.0016288627514806108 0.0011093592472806878
0.0016313610072344155 0.002246141639643041
0.00163385926298822 0.0037151990047639295
0.0016363575187420248 0.005282648794599677
0.0016388557744958293 0.006618783151044323
0.001641354030249634 0.007402110944381174
0.0016438522860034385 0.007441346117201048
0.0016463505417572432 0.0067642076526815195
0.0016488487975110477 0.005633401839241943
0.0016513470532648524 0.004477660627209118
0.001653845309018657 0.0037584401878558806
0.0016563435647724617 0.003818193995495499
0.0016588418205262662 0.004764322495255928
0.0016613400762800709 0.006430829345193736
0.0016638383320338754 0.008431905839759366
0.00166633658778768 0.010288519128255765
0.0016688348435414848 0.011582920093547252
0.0016713330992952893 0.012086451180839463
0.001673831355049094 0.011816522119459655
0.0016763296108028986 0.01100509594956324
0.0016788278665567033 0.009993584928045725
0.0016813261223105078 0.009095640132029865
0.0016838243780643125 0.008480191228885953
0.001686322633818117 0.008118400488272863
0.0016888208895719217 0.007813337698028658
0.0016913191453257262 0.007299504171276495
0.001693817401079531 0.006372642137003618
0.0016963156568333354 0.004998474683289606
0.0016988139125871402 0.003356517524399662
0.0017013121683409447 0.001799154985984744
0.0017038104240947494 0.0007379456745863906
0.001706308679848554 0.0004969242139856408
0.0017088069356023586 0.0011862116742247346
0.0017113051913561633 0.0026434185716137657
0.0017138034471099678 0.0044670346783536275
0.0017163017028637725 0.0061335206087330865
0.001718799958617577 0.007159799575777863
0.0017212982143713818 0.007256128798677769
0.0017237964701251863 0.006417017462484949
0.001726294725878991 0.004919119036634744
0.0017287929816327955 0.0032273594052050023
0.0017312912373866002 0.0018424670361248084
0.0017337894931404047 0.0011431550941706735
0.0017362877488942094 0.0012772728849657995
0.001738786004648014 0.002137901902694918
0.0017412842604018187 0.0034292123126189607
0.0017437825161556234 0.004794179238179971
0.0017462807719094279 0.005953900934525662
0.0017487790276632326 0.006804542719413791
0.001751277283417037 0.007434449665998905
0.0017537755391708418 0.008054947874926176
0.0017562737949246463 0.008872569425721708
0.001758772050678451 0.009955163259633668
0.0017612703064322555 0.01114992974897074
0.0017637685621860603 0.012094842116111778
0.0017662668179398648 0.012331191970452897
0.0017687650736936695 0.01148564105981626
0.001771263329447474 0.009459373665346493
0.0017737615852012787 0.006551645205926715
0.0017762598409550832 0.0034605011027925977
0.001778758096708888 0.0011411306234905285
0.0017812563524626924 0.0005505763547921731
0.0017837546082164972 0.0023502323350337445
0.0017862528639703019 0.006659501040266116
0.0017887511197241064 0.01294608506466761
0.001791249375477911 0.020101225861908163
0.0017937476312317156 0.0266922841973565
0.0017962458869855203 0.03132782605335346
0.0017987441427393248 0.033030689646961174
0.0018012423984931295 0.031506387239254495
0.001803740654246934 0.027221913313790137
0.0018062389100007388 0.02126623237616513
0.0018087371657545433 0.015031333640700183
0.001811235421508348 0.009810210086959585
0.0018137336772621525 0.00643634677819896
0.0018162319330159572 0.005078059043191009
0.0018187301887697617 0.005252676656683405
0.0018212284445235664 0.006054798005589536
0.001823726700277371 0.006522222602861351
0.0018262249560311757 0.006016025725819372
0.0018287232117849804 0.004483913792811556
0.0018312214675387849 0.0025122013949896815
0.0018337197232925896 0.001140859623034458
0.001836217979046394 0.0014961600789930175
0.0018387162348001988 0.004360104813598907
0.0018412144905540033 0.009822894491639209
0.001843712746307808 0.01714367157090578
0.0018462110020616125 0.024880845346402922
0.0018487092578154173 0.0312661131613566
0.0018512075135692218 0.03471396141923804
0.0018537057693230265 0.034308503139919413
0.001856204025076831 0.03010976043076451
0.0018587022808306357 0.023173683277287135
0.0018612005365844402 0.015268906767735175
0.001863698792338245 0.008370468603711887
0.0018661970480920497 0.004084700100178843
0.0018686953038458542 0.003185237186577239
0.0018711935595996589 0.005407776239408862
0.0018736918153534634 0.009569972180954393
0.001876190071107268 0.013978346758143918
0.0018786883268610726 0.01699024390831451
0.0018811865826148773 0.017547037302842815
0.0018836848383686818 0.015503049847415145
0.0018861830941224865 0.011641468544543478
0.001888681349876291 0.007372800098387903
0.0018911796056300958 0.004218930231847392
0.0018936778613839003 0.0032605035708117764
0.001896176117137705 0.004741144070865878
0.0018986743728915095 0.00797213278089304
0.0019011726286453142 0.011580652233113525
0.001903670884399119 0.0140261911538359
0.0019061691401529234 0.014212817551840505
0.0019086673959067282 0.0119833535103386
0.0019111656516605327 0.008311115061318434
0.0019136639074143374 0.0050985259478464355
0.0019161621631681419 0.004620648146877844
0.0019186604189219466 0.008773924768762455
0.001921158674675751 0.018365411631883623
0.0019236569304295558 0.03267896710571895
0.0019261551861833603 0.04947913795329448
0.001928653441937165 0.06548267421726706
0.0019311516976909695 0.07718202300519558
0.0019336499534447743 0.08179083049588409
0.0019361482091985788 0.0780354376232801
0.0019386464649523835 0.06655452368404237
0.001941144720706188 0.04978092095639641
0.0019436429764599927 0.03133134156319527
0.0019461412322137974 0.015074765692420822
0.001948639487967602 0.004143997936283747
0.0019511377437214066 0.00016895424160068553
0.0019536359994752114 0.0029411052341717756
0.001956134255229016 0.010588492977219912
0.0019586325109828204 0.02019061501008674
0.0019611307667366253 0.028638299274946728
0.00196362902249043 0.033482281579982925
0.0019661272782442343 0.033531780667548715
0.001968625533998039 0.02905214060429649
0.0019711237897518438 0.021538364032139438
0.0019736220455056483 0.013167819937446583
0.0019761203012594528 0.006121759466632456
0.0019786185570132577 0.001987361325038144
0.001981116812767062 0.001407352708091632
0.0019836150685208667 0.004051645721096104
0.0019861133242746716 0.008877839937149457
0.001988611580028476 0.014560458472573926
0.0019911098357822806 0.019928877332028146
0.001993608091536085 0.024270274318170228
0.00199610634728989 0.02741649219565158
0.0019986046030436946 0.02961766911131479
0.002001102858797499 0.03128051991937576
0.0020036011145513036 0.032690033630535825
0.0020060993703051085 0.03382827422715432
0.002008597626058913 0.034357840861667564
0.0020110958818127175 0.033769380282863054
0.002013594137566522 0.03162813637727469
0.002016092393320327 0.02781706713621383
0.0020185906490741315 0.02267612729432167
0.002021088904827936 0.016976854437984534
0.0020235871605817405 0.011733021280769008
0.0020260854163355454 0.007909016541109738
0.00202858367208935 0.006125862562926349
0.0020310819278431544 0.006467038950810237
0.0020335801835969594 0.008452279282609816
0.002036078439350764 0.011189759125070774
0.0020385766951045684 0.013656185617931867
0.002041074950858373 0.015011485026212093
0.002043573206612178 0.014844559719153466
0.0020460714623659823 0.013271824714466203
0.002048569718119787 0.010861499699657209
0.0020510679738735913 0.008415767391828435
0.0020535662296273962 0.006689529428836328
0.0020560644853812008 0.0061430540675140675
0.0020585627411350053 0.006810799859384732
0.0020610609968888098 0.008326210004793094
0.0020635592526426147 0.010087565712203506
0.002066057508396419 0.011502004509404364
0.0020685557641502237 0.01221961563172952
0.0020710540199040286 0.012274962166997277
0.002073552275657833 0.012086706307546843
0.0020760505314116376 0.012315206685493902
0.002078548787165442 0.01362609270487273
0.002081047042919247 0.016438927304818926
0.0020835452986730516 0.02074440661502921
0.002086043554426856 0.02605057237430368
0.0020885418101806606 0.031476658932541465
0.0020910400659344655 0.03596666433913425
0.00209353832168827 0.03855856721122424
0.0020960365774420745 0.038630248650015964
0.002098534833195879 0.036053151281862456
0.002101033088949684 0.031214952377030415
0.0021035313447034885 0.024912390244251088
0.002106029600457293 0.018151960644911747
0.002108527856211098 0.01191863452314241
0.0021110261119649024 0.006975519800102816
0.002113524367718707 0.0037416100970234637
0.0021160226234725114 0.0022672080812736594
0.0021185208792263164 0.002297004532201983
0.002121019134980121 0.003388393386003008
0.0021235173907339254 0.005043277221254051
0.00212601564648773 0.006816338948952658
0.002128513902241535 0.008377861933150073
0.0021310121579953393 0.009528143740138058
0.002133510413749144 0.010176496035157934
0.0021360086695029483 0.010305889622706494
0.0021385069252567532 0.009943032572290946
0.0021410051810105577 0.009145090572460553
0.0021435034367643623 0.008002757419197766
0.002146001692518167 0.006649876363432699
0.0021484999482719717 0.00526592956945956
0.002150998204025776 0.00406061041954815
0.0021534964597795807 0.003237850294202748
0.0021559947155333856 0.002946638502795275
0.00215849297128719 0.0032337384173804027
0.0021609912270409946 0.0040158481691337546
0.002163489482794799 0.005084717282177007
0.002165987738548604 0.0061493370431836645
0.0021684859943024086 0.006907548652020761
0.002170984250056213 0.007129073356938797
0.0021734825058100176 0.00672648580992659
0.0021759807615638225 0.00579200235278457
0.002178479017317627 0.0045860874856678505
0.0021809772730714315 0.0034767373391273453
0.0021834755288252365 0.0028424018741488987
0.002185973784579041 0.0029629178799766434
0.0021884720403328455 0.003928202384129891
0.00219097029608665 0.005591961101262914
0.002193468551840455 0.007587485684072126
0.0021959668075942594 0.009406989880301687
0.002198465063348064 0.010528688924693493
0.0022009633191018684 0.01056146339856203
0.0022034615748556734 0.009369536670105262
0.002205959830609478 0.007141670949286627
0.0022084580863632824 0.004381162105664188
0.002210956342117087 0.0018120138187661494
0.002213454597870892 0.00021854506627519733
0.0022159528536246963 0.00025464268631102246
0.002218451109378501 0.0022695520802054467
0.0022209493651323053 0.006195992702976497
0.0022234476208861102 0.011532973627154936
0.0022259458766399147 0.017432835828367174
0.0022284441323937192 0.02287545637260364
0.002230942388147524 0.026889304691530683
0.0022334406439013287 0.028765674994054535
0.002235938899655133 0.02821298571184038
0.0022384371554089377 0.025412810461215754
0.0022409354111627426 0.020964535490005775
0.002243433666916547 0.015734404139846586
0.0022459319226703516 0.010649227969040886
0.002248430178424156 0.006488397577597539
0.002250928434177961 0.003726382819092278
0.0022534266899317656 0.0024623220167002335
0.00225592494568557 0.002448295744124532
0.0022584232014393746 0.0032008349246036355
0.0022609214571931795 0.004158894558412349
0.002263419712946984 0.004841761903735544
0.0022659179687007885 0.004964352821020619
0.0022684162244545935 0.00448310538030297
0.002270914480208398 0.0035678372360704513
0.0022734127359622025 0.0025165335228881486
0.002275910991716007 0.001644741875849982
0.002278409247469812 0.0011852708022795388
0.0022809075032236164 0.0012269522073366978
0.002283405758977421 0.0017064304622494075
0.0022859040147312254 0.002449498092247153
0.0022884022704850304 0.003243945302621144
0.002290900526238835 0.003918312742167726
0.0022933987819926394 0.0044018345481696124
0.002295897037746444 0.004748955660932974
0.002298395293500249 0.005123780447650171
0.0023008935492540533 0.005751601680277824
0.002303391805007858 0.006852868004981978
0.0023058900607616627 0.008577809890755796
0.0023083883165154672 0.010957619274952866
0.0023108865722692717 0.013882239155995365
0.0023133848280230762 0.017107787981426203
0.002315883083776881 0.020290467209865257
0.0023183813395306857 0.02303962835638109
0.00232087959528449 0.024980631472181897
0.0023233778510382947 0.025817640317276545
0.0023258761067920996 0.025386873032351494
0.002328374362545904 0.02369172774190709
0.0023308726182997086 0.020912833431359044
0.002333370874053513 0.01738895556672328
0.002335869129807318 0.013569157258523236
0.0023383673855611226 0.00994236158242311
0.002340865641314927 0.006956290938319232
0.0023433638970687316 0.0049418566107176185
0.0023458621528225365 0.004059630195775021
0.002348360408576341 0.004281059873867795
0.0023508586643301455 0.005409043825457918
0.0023533569200839505 0.007132337349215909
0.002355855175837755 0.00909909042804761
0.0023583534315915595 0.010989667570554165
0.002360851687345364 0.012569756883659177
0.002363349943099169 0.013711634491915101
0.0023658481988529734 0.014382183151829845
0.002368346454606778 0.014607236805848986
0.0023708447103605824 0.014429155449817068
0.0023733429661143873 0.013875537613743064
0.002375841221868192 0.01295122618544887
0.0023783394776219964 0.011655365775330991
0.002380837733375801 0.01001417822660217
0.002383335989129606 0.008112695454422388
0.0023858342448834103 0.006108021636024456
0.002388332500637215 0.004213359094601902
0.0023908307563910197 0.002653718704891614
0.0023933290121448242 0.0016065201733723492
0.0023958272678986287 0.001148244287104661
0.0023983255236524332 0.001228407593971463
0.002400823779406238 0.0016837386556939394
0.0024033220351600427 0.002291192871135043
0.002405820290913847 0.0028434730518538277
0.0024083185466676517 0.0032207901916463406
0.0024108168024214566 0.0034319213878543564
0.002413315058175261 0.003607149736412471
0.0024158133139290656 0.003942517143819947
0.00241831156968287 0.0046131245311527205
0.002420809825436675 0.005686183864739954
0.0024233080811904796 0.0070669514613542605
0.002425806336944284 0.008500970153703782
0.002428304592698089 0.00963706002533156
0.0024308028484518935 0.010133664169517926
0.002433301104205698 0.009774310338027264
0.0024357993599595025 0.008552487184165063
0.0024382976157133075 0.00669468949890981
0.002440795871467112 0.004610334268087761
0.0024432941272209165 0.0027819895104842177
0.002445792382974721 0.0016302078252716675
0.002448290638728526 0.0013966524176450073
0.0024507888944823304 0.0020834980970426686
0.002453287150236135 0.0034680026400764866
0.0024557854059899394 0.005185281980399126
0.0024582836617437443 0.00684889074475793
0.002460781917497549 0.008166300305911535
0.0024632801732513534 0.009009423386182738
0.0024657784290051583 0.009417953407114009
0.002468276684758963 0.009539060051061535
0.0024707749405127673 0.009531349815907093
0.002473273196266572 0.00947473284729598
0.0024757714520203767 0.0093254935999201
0.0024782697077741812 0.008937933848934146
0.0024807679635279857 0.008146863005613273
0.0024832662192817902 0.006879088090553791
0.002485764475035595 0.0052470794987815265
0.0024882627307893997 0.0035805559993478905
0.002490760986543204 0.002371910976709756
0.0024932592422970087 0.002142632801058723
0.0024957574980508136 0.0032691137064151084
