4.996659723666534e-05 2.0
5.996659723666534e-05 2.0
6.996659723666534e-05 2.0
7.996659723666534e-05 2.0
8.996659723666534e-05 2.0
9.996659723666534e-05 2.0
0.00010996659723666534 2.0
0.00011996659723666534 2.0
0.00012996659723666534 2.0
0.00013996659723666534 2.0
0.00014996659723666534 2.0
0.00015996659723666533 2.0
0.00016996659723666533 2.0
0.00017996659723666533 2.0
0.00018996659723666533 2.0
0.00019996659723666533 2.0
0.00020996659723666533 2.0
0.00021996659723666533 2.0
0.00022996659723666533 2.0
0.00023996659723666533 2.0
0.0002499665972366653 2.0
0.0002599665972366653 2.0
0.0002699665972366653 2.0
0.0002799665972366653 2.0
0.0002899665972366653 2.0
0.0002999665972366653 2.0
0.0003099665972366653 2.0
0.00031996659723666527 2.0
0.0003299665972366653 2.0
0.0003399665972366653 2.0
0.0003499665972366653 2.0
0.00035996659723666526 2.0
0.0003699665972366653 2.0
0.0003799665972366653 2.0
0.0003899665972366653 2.0
0.00039996659723666526 2.0
0.0004099665972366653 2.0
0.0004199665972366653 2.0
0.0004299665972366653 2.0
0.00043996659723666526 2.0
0.0004499665972366653 2.0
0.0004599665972366653 2.0
0.0004699665972366653 2.0
0.00047996659723666525 2.0
0.0004899665972366653 2.0
0.0004999665972366653 2.0
0.0005099665972366653 2.0
0.0005199665972366652 2.0
0.0005299665972366653 2.0
0.0005399665972366653 2.0
0.0005499665972366653 2.0
0.0005599665972366652 2.0
0.0005699665972366653 2.0
0.0005799665972366653 2.0
0.0005899665972366652 2.0
0.0005999665972366652 2.0
0.0006099665972366653 2.0
0.0006199665972366653 2.0
0.0006299665972366653 2.0
0.0006399665972366652 2.0
0.0006499665972366653 2.0
0.0006599665972366653 2.0
0.0006699665972366652 2.0
0.0006799665972366652 2.0
0.0006899665972366653 2.0
0.0006999665972366653 2.0
0.0007099665972366653 2.0
0.0007199665972366652 2.0
0.0007299665972366653 2.0
0.0007399665972366653 2.0
0.0007499665972366652 2.0
0.0007599665972366652 2.0
0.0007699665972366653 2.0
0.0007799665972366653 2.0
0.0007899665972366653 2.0
0.0007999665972366652 2.0
0.0008099665972366653 2.0
0.0008199665972366653 2.0
0.0008299665972366652 2.0
0.0008399665972366652 2.0
0.0008499665972366652 2.0
0.0008599665972366653 2.0
0.0008699665972366653 2.0
0.0008799665972366652 2.0
0.0008899665972366652 2.0
0.0008999665972366653 2.0
0.0009099665972366652 2.0
0.0009199665972366652 2.0
0.0009299665972366652 2.0
0.0009399665972366653 2.0
0.0009499665972366653 2.0
0.0009599665972366652 2.0
0.0009699665972366652 2.0
0.0009799665972366654 2.0
0.0009899665972366652 2.0
0.0009999665972366652 2.0
0.0010099665972366652 2.0
0.0010199665972366653 2.0
0.0010299665972366653 2.0
0.0010399665972366653 2.0
0.0010499665972366653 2.0
0.0010599665972366651 2.0
0.0010699665972366652 2.0
0.0010799665972366652 2.0
0.0010899665972366652 2.0
0.0010999665972366653 2.0
0.0011099665972366653 2.0
0.0011199665972366653 2.0
0.0011299665972366651 2.0
0.0011399665972366651 2.0
0.0011499665972366652 2.0
0.0011599665972366652 2.0
0.0011699665972366652 2.0
0.0011799665972366652 2.0
0.0011899665972366653 2.0
0.0011999665972366653 2.0
0.0012099665972366653 2.0
0.0012199665972366651 2.0
0.0012299665972366652 2.0
0.0012399665972366652 2.0
0.0012499665972366652 2.0
0.0012599665972366652 2.0
0.0012699665972366653 2.0
0.0012799665972366653 2.0
0.001289966597236665 2.0
0.0012999665972366651 2.0
0.0013099665972366652 2.0
0.0013199665972366652 2.0
0.0013299665972366652 2.0
0.0013399665972366652 2.0
0.0013499665972366653 2.0
0.0013599665972366653 2.0
0.0013699665972366653 2.0
0.0013799665972366651 2.0
0.0013899665972366651 2.0
0.0013999665972366652 2.0000000000000004
0.0014099665972366652 2.0
0.0014199665972366652 2.0
0.0014299665972366653 2.0
0.0014399665972366653 2.0
0.001449966597236665 2.0
0.0014599665972366651 2.0
0.0014699665972366651 2.0
0.0014799665972366652 2.0
0.0014899665972366652 2.0
0.0014999665972366652 2.0
0.0015099665972366652 2.0
0.0015199665972366653 2.0
0.0015299665972366653 2.0
0.001539966597236665 2.0
0.0015499665972366651 2.0
0.0015599665972366652 2.0
0.0015699665972366652 2.0
0.0015799665972366652 2.0
0.0015899665972366652 2.0
0.0015999665972366653 2.0
0.001609966597236665 2.0
0.001619966597236665 2.0
0.0016299665972366651 2.0
0.0016399665972366652 2.0
0.0016499665972366652 2.0
0.0016599665972366652 2.0
0.0016699665972366652 2.0
0.0016799665972366653 2.0
0.0016899665972366653 2.0
0.001699966597236665 2.0
0.0017099665972366651 2.0
0.0017199665972366651 2.0
0.0017299665972366652 2.0
0.0017399665972366652 2.0
0.0017499665972366652 2.0
0.0017599665972366652 2.0
0.001769966597236665 2.0
0.001779966597236665 2.0
0.0017899665972366651 2.0
0.0017999665972366651 2.0
0.0018099665972366652 2.0
0.0018199665972366652 2.0
0.0018299665972366652 2.0
0.0018399665972366652 2.0
0.0018499665972366653 2.0
0.001859966597236665 2.0
0.001869966597236665 2.0
0.0018799665972366651 2.0
0.0018899665972366652 2.0
0.0018999665972366652 2.0
0.0019099665972366652 2.0
0.0019199665972366652 2.0
0.001929966597236665 2.0
0.001939966597236665 2.0
0.001949966597236665 2.0
0.001959966597236665 2.0
0.001969966597236665 2.0
0.001979966597236665 2.0
0.001989966597236665 2.0
0.0019999665972366652 2.0
0.0020099665972366653 2.0
0.0020199665972366653 2.0
0.0020299665972366653 2.0
0.0020399665972366653 2.0
0.0020499665972366654 2.0
0.002059966597236665 2.0
0.002069966597236665 2.0
0.002079966597236665 2.0
0.002089966597236665 2.0
0.002099966597236665 2.0
0.002109966597236665 2.0
0.002119966597236665 2.0
0.002129966597236665 2.0
0.002139966597236665 2.0
0.002149966597236665 2.0
0.002159966597236665 2.0
0.0021699665972366652 2.0
0.0021799665972366653 2.0
0.0021899665972366653 2.0
0.0021999665972366653 2.0
0.002209966597236665 2.0
0.002219966597236665 2.0
0.002229966597236665 2.0
0.002239966597236665 2.0
0.002249966597236665 2.0
0.002259966597236665 2.0
0.002269966597236665 2.0
0.002279966597236665 2.0
0.002289966597236665 1.9999999999999996
0.002299966597236665 2.0
0.002309966597236665 2.0
0.002319966597236665 2.0
0.0023299665972366652 2.0
0.0023399665972366653 2.0
0.0023499665972366653 2.0
0.0023599665972366653 2.0
0.0023699665972366653 2.0
0.002379966597236665 2.0
0.002389966597236665 2.0
0.002399966597236665 2.0
0.002409966597236665 2.0
0.002419966597236665 2.0
0.002429966597236665 2.0
0.002439966597236665 2.0
0.002449966597236665 2.0
0.002459966597236665 2.0
0.002469966597236665 2.0
0.002479966597236665 2.0
0.002489966597236665 2.0
